Point,WF (mV),WFRA (mV),WFDel (mV),Std WF,GD (au),Std GD,Z Height (um),User,Time(Secs),,
0,-184.4,-184.4,0.0,0.0,299.2,0.0,0.00,1.3,0.000,,
1,-182.9,-183.7,1.5,0.0,299.1,0.0,0.00,0.9,0.578,,
2,-182.6,-183.6,1.8,0.0,299.1,0.0,0.00,1.0,1.139,,
3,-182.7,-182.7,1.7,1.0,299.0,0.0,0.00,1.0,1.701,,
4,-182.9,-182.7,1.5,0.8,299.1,0.1,0.00,0.5,2.262,,
5,-181.7,-182.4,2.7,0.7,298.9,0.1,0.00,0.9,2.824,,
6,-180.7,-181.8,3.7,0.9,298.9,0.1,0.00,1.0,3.370,,
7,-183.7,-182.0,0.7,1.1,299.1,0.1,0.00,0.1,3.932,,
8,-181.5,-181.9,2.9,1.1,298.9,0.1,0.00,0.8,4.493,,
9,-183.8,-183.0,0.6,1.1,298.8,0.1,0.00,1.0,5.055,,
10,-185.0,-183.4,-0.6,1.1,298.9,0.1,0.00,-0.7,5.601,,
11,-185.4,-184.8,-1.0,1.3,299.1,0.1,0.00,0.7,6.162,,
12,-182.4,-184.3,2.0,1.4,299.1,0.1,0.00,1.0,6.708,,
13,-186.0,-184.6,-1.6,1.4,299.0,0.1,0.00,1.1,7.286,,
14,-182.9,-183.8,1.5,1.5,299.1,0.1,0.00,1.0,7.863,,
15,-182.8,-183.9,1.6,1.5,298.9,0.1,0.00,1.0,8.440,,
16,-181.1,-182.2,3.3,1.4,298.8,0.1,0.00,-0.9,9.002,,
17,-173.0,-178.9,11.4,1.5,299.1,0.1,0.00,1.0,9.548,,
18,-188.6,-180.9,-4.2,2.8,299.3,0.1,0.00,1.0,10.109,,
19,-182.7,-181.4,1.7,3.1,299.0,0.1,0.00,1.0,10.686,,
20,-186.0,-185.8,-1.7,3.0,299.4,0.1,0.00,0.4,11.232,,
21,-179.7,-182.8,4.7,3.0,298.9,0.1,0.00,1.0,11.778,,
22,-183.7,-183.2,0.7,3.0,299.0,0.1,0.00,1.0,12.356,,
23,-187.3,-183.6,-2.9,2.9,298.9,0.1,0.00,0.2,12.902,,
24,-180.4,-183.8,4.0,3.0,299.0,0.1,0.00,0.9,13.448,,
25,-183.2,-183.6,1.2,3.0,299.0,0.1,0.00,-0.9,13.978,,
26,-183.1,-182.2,1.3,2.9,299.1,0.1,0.00,1.0,14.540,,
27,-181.6,-182.7,2.7,2.9,299.1,0.1,0.00,1.0,15.117,,
28,-180.8,-181.9,3.6,2.8,299.1,0.1,0.00,1.0,15.678,,
29,-186.9,-183.1,-2.5,2.8,298.9,0.1,0.00,1.0,16.256,,
30,-180.9,-182.9,3.5,2.9,299.0,0.1,0.00,1.1,16.833,,
31,-180.0,-182.6,4.4,2.8,298.9,0.1,0.00,1.0,17.410,,
32,-178.0,-179.6,6.4,2.8,299.2,0.1,0.00,1.1,17.972,,
33,-181.4,-179.8,3.0,2.9,299.0,0.1,0.00,0.6,18.533,,
34,-182.1,-180.5,2.2,2.9,299.1,0.1,0.00,0.9,19.095,,
35,-188.0,-183.9,-3.6,2.8,298.7,0.1,0.00,1.0,19.672,,
36,-184.9,-185.0,-0.5,2.9,298.7,0.1,0.00,1.0,20.234,,
37,-183.1,-185.4,1.3,2.9,298.7,0.1,0.00,1.0,20.811,,
38,-186.8,-184.9,-2.4,2.9,299.0,0.2,0.00,1.0,21.388,,
39,-180.4,-183.4,4.0,2.9,299.0,0.2,0.00,1.1,21.965,,
40,-185.6,-184.3,-1.2,2.9,298.9,0.1,0.00,1.0,22.527,,
41,-186.5,-184.2,-2.1,2.9,298.7,0.1,0.00,0.7,23.088,,
42,-183.9,-185.3,0.5,2.9,298.7,0.2,0.00,0.9,23.650,,
43,-181.2,-183.9,3.2,2.9,298.9,0.2,0.00,1.0,24.212,,
44,-182.6,-182.6,1.8,2.9,298.8,0.2,0.00,0.5,24.758,,
45,-178.8,-180.8,5.6,2.8,298.7,0.2,0.00,0.9,25.319,,
46,-180.5,-180.6,3.9,2.9,298.8,0.2,0.00,0.9,25.896,,
47,-180.0,-179.7,4.4,2.8,298.9,0.2,0.00,0.9,26.474,,
48,-179.4,-180.0,4.9,2.8,298.9,0.2,0.00,1.0,27.051,,
49,-181.0,-180.1,3.4,2.9,298.9,0.2,0.00,1.0,27.628,,
50,-184.0,-181.5,0.4,2.8,299.0,0.2,0.00,1.0,28.205,,
51,-188.7,-184.6,-4.3,2.8,298.8,0.2,0.00,1.0,28.767,,
52,-177.9,-183.5,6.5,2.9,299.0,0.2,0.00,1.0,29.344,,
53,-182.8,-183.1,1.6,3.0,298.9,0.2,0.00,1.1,29.921,,
54,-181.8,-180.8,2.6,2.9,298.8,0.2,0.00,0.6,30.467,,
55,-185.3,-183.3,-0.9,2.9,298.9,0.2,0.00,0.9,31.029,,
56,-185.2,-184.1,-0.8,2.9,299.1,0.2,0.00,0.9,31.606,,
57,-184.9,-185.2,-0.6,2.9,299.1,0.1,0.00,1.0,32.183,,
58,-182.1,-184.1,2.3,2.9,298.8,0.1,0.00,1.0,32.760,,
59,-184.6,-183.9,-0.2,2.9,298.9,0.2,0.00,1.0,33.322,,
60,-181.0,-182.5,3.4,2.8,298.9,0.1,0.00,1.0,33.899,,
61,-183.3,-182.9,1.1,2.8,298.9,0.1,0.00,0.6,34.445,,
62,-182.2,-182.1,2.2,2.8,299.1,0.1,0.00,1.0,35.007,,
63,-180.0,-181.8,4.4,2.8,298.8,0.1,0.00,1.0,35.568,,
64,-182.4,-181.5,2.0,2.8,299.1,0.1,0.00,1.1,36.130,,
65,-188.1,-183.5,-3.7,2.8,298.9,0.1,0.00,0.5,36.692,,
66,-188.5,-186.3,-4.1,2.8,298.7,0.1,0.00,1.0,37.238,,
67,-183.4,-186.6,1.0,2.9,298.8,0.1,0.00,1.0,37.815,,
68,-178.8,-183.5,5.6,2.9,298.7,0.1,0.00,1.0,38.392,,
69,-179.7,-180.6,4.7,2.9,298.9,0.2,0.00,1.0,38.969,,
70,-183.5,-180.7,0.8,2.9,298.9,0.1,0.00,1.0,39.546,,
71,-182.0,-181.7,2.4,2.9,298.9,0.1,0.00,0.2,40.092,,
72,-181.8,-182.4,2.6,2.9,298.8,0.1,0.00,0.9,40.654,,
73,-179.2,-181.0,5.2,2.8,298.8,0.1,0.00,1.0,41.216,,
74,-184.4,-181.8,0.0,2.8,298.7,0.1,0.00,1.0,41.793,,
75,-186.4,-183.3,-2.0,2.8,298.8,0.1,0.00,1.0,42.370,,
76,-182.4,-184.4,2.0,2.8,298.7,0.1,0.00,1.0,42.963,,
77,-179.3,-182.7,5.1,2.8,298.8,0.2,0.00,1.0,43.524,,
78,-181.1,-180.9,3.3,2.8,298.8,0.2,0.00,0.2,44.070,,
79,-180.4,-180.2,4.0,2.8,298.6,0.2,0.00,0.8,44.632,,
80,-181.3,-180.9,3.1,2.8,298.8,0.2,0.00,1.0,45.194,,
81,-184.5,-182.1,-0.1,2.8,298.9,0.2,0.00,-0.5,45.740,,
82,-181.0,-182.3,3.4,2.8,298.9,0.2,0.00,0.7,46.301,,
83,-181.0,-182.2,3.4,2.8,298.9,0.2,0.00,1.0,46.847,,
84,-186.3,-182.7,-1.9,2.8,299.0,0.1,0.00,0.5,47.393,,
85,-184.9,-184.0,-0.5,2.8,298.8,0.1,0.00,0.9,47.955,,
86,-183.2,-184.8,1.2,2.8,298.7,0.1,0.00,0.9,48.532,,
87,-179.6,-182.5,4.8,2.8,298.7,0.2,0.00,1.0,49.094,,
88,-184.1,-182.3,0.3,2.8,298.8,0.2,0.00,1.0,49.671,,
89,-180.0,-181.2,4.4,2.8,298.8,0.2,0.00,1.1,50.248,,
90,-183.9,-182.7,0.5,2.8,298.7,0.2,0.00,0.4,50.794,,
91,-184.4,-182.8,0.0,2.7,298.8,0.2,0.00,0.8,51.356,,
92,-180.4,-182.9,3.9,2.7,298.9,0.2,0.00,1.1,51.917,,
93,-182.0,-182.3,2.4,2.7,298.8,0.2,0.00,1.0,52.494,,
94,-185.8,-182.8,-1.5,2.7,298.9,0.2,0.00,1.0,53.072,,
95,-183.3,-183.7,1.1,2.7,298.9,0.1,0.00,1.1,53.649,,
96,-185.2,-184.8,-0.8,2.7,298.7,0.1,0.00,1.1,54.226,,
97,-180.0,-182.8,4.4,2.7,298.8,0.1,0.00,1.0,54.803,,
98,-186.6,-184.0,-2.3,2.7,298.8,0.1,0.00,1.0,55.380,,
99,-181.6,-182.8,2.8,2.7,298.7,0.1,0.00,1.1,55.958,,
100,-185.1,-184.5,-0.7,2.7,298.8,0.1,0.00,-0.8,56.504,,
101,222.6,-48.0,407.0,2.7,295.7,0.1,0.00,0.9,57.050,,
102,439.5,159.0,623.9,40.2,298.8,0.3,0.00,0.9,57.627,,
103,444.6,368.9,629.0,72.9,298.9,0.3,0.00,0.3,58.173,,
104,444.4,442.8,628.8,94.5,298.7,0.3,0.00,0.8,58.734,,
105,446.5,445.2,630.9,111.4,298.8,0.3,0.00,0.9,59.296,,
106,444.7,445.2,629.1,125.6,298.7,0.3,0.00,-0.4,59.842,,
107,438.4,443.2,622.8,137.8,299.0,0.3,0.00,0.7,60.404,,
108,439.8,441.0,624.2,148.4,298.9,0.3,0.00,0.9,60.950,,
109,440.9,439.7,625.3,157.9,298.9,0.3,0.00,0.5,61.496,,
110,440.3,440.3,624.6,166.6,299.3,0.3,0.00,0.8,62.057,,
111,445.5,442.2,629.8,174.6,299.2,0.3,0.00,0.9,62.634,,
112,440.6,442.1,625.0,182.1,298.9,0.3,0.00,1.0,63.196,,
113,434.0,440.0,618.4,188.8,299.2,0.3,0.00,1.0,63.773,,
114,430.8,435.1,615.2,195.0,299.5,0.3,0.00,0.4,64.319,,
115,433.6,432.8,618.0,200.7,299.3,0.3,0.00,0.7,64.881,,
116,441.6,435.3,626.0,206.0,299.2,0.3,0.00,0.8,65.458,,
117,429.7,435.0,614.1,211.3,299.5,0.3,0.00,0.8,66.035,,
118,437.9,436.4,622.2,215.9,299.4,0.3,0.00,0.9,66.597,,
119,437.2,434.9,621.6,220.5,299.3,0.3,0.00,1.0,67.158,,
120,444.6,439.9,629.0,224.8,299.4,0.3,0.00,0.1,67.720,,
121,435.3,439.0,619.6,229.0,299.6,0.3,0.00,0.7,68.282,,
122,436.8,438.9,621.2,232.8,299.5,0.3,0.00,0.9,68.843,,
123,433.2,435.1,617.6,236.4,299.6,0.4,0.00,0.9,69.420,,
124,435.5,435.2,619.9,239.8,299.6,0.4,0.00,-0.2,69.966,,
125,435.3,434.7,619.7,243.1,299.5,0.4,0.00,0.7,70.528,,
126,436.3,435.7,620.7,246.2,299.5,0.4,0.00,1.0,71.074,,
127,437.1,436.2,621.5,249.1,299.9,0.4,0.00,-0.7,71.620,,
128,439.4,437.6,623.8,252.0,299.5,0.4,0.00,0.9,72.182,,
129,440.5,439.0,624.9,254.7,299.6,0.4,0.00,0.9,72.759,,
130,433.2,437.7,617.5,257.3,299.6,0.4,0.00,0.9,73.336,,
131,437.0,436.9,621.4,259.7,299.7,0.4,0.00,0.9,73.898,,
132,429.5,433.2,613.8,262.1,299.9,0.4,0.00,1.0,74.475,,
133,436.2,434.2,620.6,264.2,299.8,0.4,0.00,1.0,75.052,,
134,435.4,433.7,619.8,266.4,299.8,0.4,0.00,0.9,75.629,,
135,440.0,437.2,624.4,268.4,299.8,0.4,0.00,-0.7,76.175,,
136,435.3,436.9,619.7,270.4,299.7,0.4,0.00,0.9,76.737,,
137,435.9,437.1,620.3,272.2,299.8,0.4,0.00,1.0,77.298,,
138,434.7,435.3,619.1,274.0,299.8,0.4,0.00,1.0,77.876,,
139,432.3,434.3,616.7,275.7,300.0,0.4,0.00,1.0,78.453,,
140,438.4,435.1,622.8,277.3,299.7,0.4,0.00,1.1,79.030,,
141,435.0,435.2,619.4,278.9,299.8,0.4,0.00,0.5,79.576,,
142,434.4,435.9,618.8,280.4,299.8,0.4,0.00,0.8,80.138,,
143,433.9,434.4,618.3,281.8,299.8,0.4,0.00,1.0,80.715,,
144,435.3,434.5,619.6,283.2,299.9,0.4,0.00,0.9,81.292,,
145,437.2,435.5,621.6,284.5,299.8,0.4,0.00,1.0,81.854,,
146,436.5,436.3,620.9,285.7,299.9,0.4,0.00,0.3,82.400,,
147,432.7,435.5,617.1,287.0,299.9,0.4,0.00,0.8,82.961,,
148,430.6,433.3,615.0,288.1,300.0,0.5,0.00,0.9,83.538,,
149,434.5,432.6,618.9,289.1,300.1,0.5,0.00,1.0,84.100,,
150,433.5,432.9,617.8,290.2,300.1,0.5,0.00,1.0,84.677,,
151,431.8,433.2,616.2,291.2,299.9,0.5,0.00,1.0,85.254,,
152,436.1,433.8,620.4,292.1,300.1,0.5,0.00,1.0,85.816,,
153,432.7,433.5,617.1,293.1,300.1,0.5,0.00,0.3,86.378,,
154,431.0,433.2,615.4,293.9,300.2,0.5,0.00,0.8,86.939,,
155,431.9,431.9,616.3,294.8,300.2,0.5,0.00,0.9,87.501,,
156,433.8,432.2,618.2,295.6,299.9,0.5,0.00,-0.1,88.047,,
157,434.9,433.5,619.3,296.3,300.2,0.5,0.00,0.7,88.608,,
158,433.5,434.0,617.9,297.1,300.4,0.5,0.00,0.9,89.154,,
159,428.3,432.2,612.7,297.8,300.3,0.5,0.00,1.0,89.732,,
160,431.2,431.0,615.6,298.4,300.4,0.5,0.00,-0.7,90.293,,
161,433.1,430.9,617.5,299.0,300.3,0.5,0.00,0.9,90.839,,
162,432.8,432.4,617.2,299.6,300.2,0.5,0.00,1.0,91.416,,
163,436.0,434.0,620.4,300.2,300.5,0.5,0.00,1.0,91.978,,
164,430.5,433.1,614.9,300.8,300.2,0.5,0.00,1.0,92.555,,
165,437.5,434.7,621.9,301.3,300.5,0.6,0.00,1.0,93.132,,
166,432.3,433.4,616.7,301.9,300.4,0.6,0.00,0.6,93.678,,
167,428.3,432.7,612.6,302.3,300.5,0.6,0.00,0.9,94.240,,
168,434.8,431.8,619.2,302.8,300.5,0.6,0.00,1.0,94.817,,
169,437.5,433.5,621.9,303.2,300.4,0.6,0.00,1.0,95.379,,
170,434.1,435.5,618.4,303.7,300.4,0.6,0.00,0.5,95.925,,
171,430.8,434.1,615.1,304.1,300.6,0.6,0.00,0.8,96.486,,
172,433.6,432.8,618.0,304.4,300.5,0.6,0.00,0.9,97.064,,
173,431.2,431.8,615.5,304.8,300.5,0.6,0.00,1.0,97.672,,
174,434.6,433.1,619.0,305.1,300.5,0.6,0.00,0.9,98.218,,
175,433.5,433.1,617.9,305.5,300.4,0.6,0.00,0.9,98.795,,
176,431.4,433.2,615.7,305.8,300.5,0.6,0.00,0.9,99.372,,
177,429.4,431.4,613.8,306.0,300.3,0.6,0.00,1.0,99.934,,
178,431.2,430.6,615.6,306.3,300.3,0.6,0.00,1.1,100.511,,
179,433.7,431.4,618.1,306.5,300.5,0.6,0.00,1.0,101.088,,
180,433.8,432.9,618.2,306.8,300.5,0.6,0.00,0.6,101.634,,
181,433.4,433.7,617.8,307.0,300.6,0.6,0.00,0.9,102.196,,
182,435.2,434.2,619.6,307.2,300.5,0.6,0.00,1.0,102.758,,
183,431.9,433.5,616.3,307.4,300.5,0.7,0.00,0.2,103.304,,
184,432.0,433.0,616.4,307.6,300.6,0.7,0.00,0.8,103.865,,
185,430.5,431.5,614.9,307.7,300.6,0.7,0.00,1.0,104.427,,
186,430.6,431.0,614.9,307.9,300.5,0.7,0.00,1.0,105.004,,
187,429.8,430.3,614.2,308.0,300.4,0.7,0.00,-0.3,105.550,,
188,435.7,432.0,620.1,308.1,300.5,0.7,0.00,0.7,106.112,,
189,429.0,431.5,613.4,308.3,300.6,0.7,0.00,1.0,106.658,,
190,435.3,433.3,619.7,308.4,300.4,0.7,0.00,-0.8,107.204,,
191,428.6,431.0,613.0,308.5,300.5,0.7,0.00,0.9,107.765,,
192,433.3,432.4,617.7,308.5,300.4,0.7,0.00,1.0,108.342,,
193,433.0,431.6,617.4,308.6,300.4,0.7,0.00,1.0,108.920,,
194,436.3,434.2,620.7,308.7,300.5,0.7,0.00,1.0,109.481,,
195,431.6,433.6,616.0,308.8,300.7,0.7,0.00,1.0,110.058,,
196,432.0,433.3,616.4,308.8,300.6,0.7,0.00,0.5,110.604,,
197,428.3,430.7,612.7,308.8,300.5,0.7,0.00,0.9,111.166,,
198,432.7,431.0,617.1,308.8,300.5,0.7,0.00,0.9,111.743,,
199,430.0,430.4,614.4,308.9,300.5,0.7,0.00,1.0,112.305,,
200,351.7,404.8,536.1,308.9,301.3,0.7,0.00,0.9,112.898,,
201,148.7,310.2,333.1,308.5,301.1,0.7,0.00,1.0,113.459,,
202,-8.9,163.8,175.5,307.8,300.7,0.7,0.00,0.4,114.005,,
203,-105.0,11.6,79.4,307.1,300.7,0.7,0.00,0.9,114.567,,
204,-152.9,-88.9,31.5,306.8,300.5,0.7,0.00,1.0,115.144,,
205,-171.5,-143.1,12.9,306.6,300.2,0.7,0.00,1.0,115.721,,
206,-180.4,-168.3,4.0,306.6,300.3,0.7,0.00,1.1,116.298,,
207,-186.2,-179.4,-1.8,306.5,300.4,0.7,0.00,1.1,116.860,,
208,-187.7,-184.7,-3.3,306.5,300.4,0.7,0.00,0.4,117.406,,
209,-187.5,-187.1,-3.1,306.5,300.3,0.7,0.00,1.0,117.952,,
210,-189.3,-188.2,-4.9,306.5,300.3,0.7,0.00,-0.5,118.498,,
211,-192.1,-189.6,-7.7,306.4,300.3,0.7,0.00,0.7,119.060,,
212,-190.2,-190.5,-5.8,306.4,300.1,0.7,0.00,1.0,119.606,,
213,-189.2,-190.5,-4.8,306.4,300.0,0.7,0.00,1.1,120.183,,
214,-186.6,-188.6,-2.2,306.3,300.2,0.7,0.00,1.1,120.760,,
215,-184.1,-186.6,0.3,306.3,300.1,0.7,0.00,-0.7,121.306,,
216,-187.9,-186.2,-3.5,306.2,300.0,0.7,0.00,1.0,121.868,,
217,-187.0,-186.3,-2.6,306.1,299.9,0.7,0.00,1.0,122.445,,
218,-187.9,-187.6,-3.5,306.1,300.0,0.7,0.00,1.0,123.006,,
219,-193.7,-189.5,-9.3,306.0,300.1,0.7,0.00,1.1,123.584,,
220,-191.4,-191.0,-7.1,305.9,300.1,0.7,0.00,1.1,124.161,,
221,-189.0,-191.4,-4.6,305.9,299.9,0.7,0.00,0.6,124.707,,
222,-186.9,-189.1,-2.6,305.8,300.0,0.7,0.00,1.0,125.268,,
223,-191.6,-189.2,-7.2,305.7,299.9,0.7,0.00,1.0,125.830,,
224,-188.4,-189.0,-4.1,305.6,300.0,0.7,0.00,1.1,126.407,,
225,-186.7,-188.9,-2.3,305.5,300.0,0.7,0.00,1.1,126.984,,
226,-191.2,-188.8,-6.8,305.4,300.0,0.7,0.00,1.2,127.562,,
227,-190.4,-189.4,-6.0,305.3,300.1,0.7,0.00,1.1,128.139,,
228,-190.3,-190.7,-6.0,305.2,299.8,0.7,0.00,1.1,128.716,,
229,-190.1,-190.3,-5.7,305.1,299.8,0.7,0.00,1.1,129.293,,
230,-185.5,-188.7,-1.1,304.9,299.8,0.7,0.00,-0.6,129.855,,
231,-189.0,-188.2,-4.6,304.8,299.9,0.7,0.00,0.6,130.416,,
232,-186.5,-187.0,-2.1,304.7,299.8,0.7,0.00,1.0,130.962,,
233,-190.7,-188.7,-6.3,304.5,299.7,0.7,0.00,0.3,131.508,,
234,-194.9,-190.7,-10.5,304.4,299.9,0.7,0.00,1.1,132.054,,
235,-186.5,-190.7,-2.1,304.3,299.8,0.7,0.00,1.0,132.632,,
236,-191.1,-190.8,-6.7,304.1,299.8,0.7,0.00,1.1,133.209,,
237,-184.9,-187.5,-0.5,304.0,299.6,0.7,0.00,1.1,133.786,,
238,-183.7,-186.5,0.7,303.8,299.9,0.7,0.00,1.1,134.363,,
239,-190.2,-186.2,-5.8,303.7,299.7,0.7,0.00,1.1,134.940,,
240,-193.5,-189.1,-9.1,303.5,299.6,0.7,0.00,1.1,135.518,,
241,-191.6,-191.8,-7.2,303.4,299.5,0.7,0.00,1.1,136.079,,
242,-189.2,-191.4,-4.8,303.2,299.7,0.7,0.00,0.5,136.641,,
243,-189.5,-190.1,-5.2,303.1,299.5,0.7,0.00,1.0,137.202,,
244,-187.0,-188.6,-2.6,302.9,299.5,0.7,0.00,1.0,137.780,,
245,-189.1,-188.5,-4.7,302.7,299.8,0.7,0.00,1.0,138.357,,
246,-188.2,-188.1,-3.8,302.6,299.6,0.7,0.00,1.1,138.918,,
247,-194.6,-190.6,-10.2,302.4,299.5,0.7,0.00,0.4,139.464,,
248,-191.3,-191.4,-6.9,302.2,299.5,0.7,0.00,1.1,140.010,,
249,-190.6,-192.2,-6.2,302.1,299.5,0.7,0.00,-0.3,140.556,,
250,-188.9,-190.3,-4.5,301.9,299.7,0.7,0.00,0.8,141.118,,
251,-192.0,-190.5,-7.6,301.7,299.6,0.7,0.00,1.1,141.664,,
252,-186.8,-189.2,-2.4,301.6,299.5,0.7,0.00,1.1,142.241,,
253,-189.3,-189.3,-4.9,301.4,299.5,0.7,0.00,1.1,142.818,,
254,-183.9,-186.7,0.4,301.2,299.5,0.7,0.00,0.8,143.364,,
255,-188.8,-187.3,-4.4,301.0,299.5,0.7,0.00,1.1,143.910,,
256,-188.7,-187.1,-4.3,300.8,299.7,0.7,0.00,1.1,144.488,,
257,-188.5,-188.7,-4.1,300.6,299.4,0.7,0.00,1.1,145.112,,
258,-188.3,-188.5,-3.9,300.4,299.4,0.7,0.00,0.8,145.673,,
259,-188.8,-188.6,-4.4,300.2,299.4,0.7,0.00,1.1,146.219,,
260,-187.4,-188.2,-3.0,300.0,299.6,0.7,0.00,1.1,146.796,,
261,-186.5,-187.6,-2.1,299.8,299.5,0.7,0.00,1.1,147.374,,
262,-184.5,-186.1,-0.1,299.6,299.4,0.7,0.00,0.8,147.920,,
263,-191.6,-187.5,-7.2,299.4,299.4,0.7,0.00,1.0,148.481,,
264,-186.4,-187.5,-2.0,299.2,299.3,0.7,0.00,1.1,149.058,,
265,-186.6,-188.2,-2.2,299.0,299.3,0.7,0.00,1.1,149.620,,
266,-186.0,-186.3,-1.7,298.8,299.4,0.7,0.00,1.2,150.197,,
267,-184.0,-185.5,0.4,298.5,299.4,0.7,0.00,-0.7,150.743,,
268,-186.5,-185.5,-2.1,298.3,299.5,0.7,0.00,1.0,151.305,,
269,-184.4,-184.9,0.0,298.1,299.2,0.7,0.00,1.1,151.866,,
270,-188.2,-186.4,-3.8,297.9,299.2,0.7,0.00,0.3,152.412,,
271,-190.3,-187.6,-5.9,297.7,299.5,0.7,0.00,0.9,152.974,,
272,-187.5,-188.7,-3.1,297.5,299.4,0.7,0.00,1.0,153.536,,
273,-187.6,-188.5,-3.3,297.2,299.3,0.7,0.00,1.0,154.113,,
274,-188.4,-187.9,-4.0,297.0,299.3,0.7,0.00,1.1,154.674,,
275,-186.7,-187.6,-2.3,296.8,299.2,0.7,0.00,0.2,155.236,,
276,-179.7,-184.9,4.7,296.6,299.3,0.7,0.00,0.8,155.798,,
277,-181.5,-182.6,2.9,296.4,299.2,0.7,0.00,1.0,156.344,,
278,-189.7,-183.7,-5.3,296.1,299.3,0.7,0.00,1.1,156.921,,
279,-186.9,-186.0,-2.5,295.9,299.3,0.7,0.00,-0.6,157.482,,
280,-184.1,-186.9,0.3,295.7,299.2,0.7,0.00,0.7,158.044,,
281,-185.2,-185.4,-0.8,295.4,299.1,0.7,0.00,1.0,158.606,,
282,-188.7,-186.0,-4.3,295.2,299.2,0.7,0.00,1.1,159.167,,
283,-185.4,-186.5,-1.0,295.0,299.1,0.7,0.00,1.1,159.744,,
284,-188.7,-187.6,-4.4,294.8,299.1,0.7,0.00,1.1,160.322,,
285,-187.5,-187.2,-3.1,294.5,299.1,0.7,0.00,1.1,160.899,,
286,-185.9,-187.4,-1.6,294.3,299.1,0.7,0.00,-0.7,161.445,,
287,-188.7,-187.4,-4.3,294.1,299.3,0.7,0.00,1.0,162.006,,
288,-187.0,-187.2,-2.6,293.9,299.0,0.7,0.00,1.1,162.568,,
289,-187.9,-187.9,-3.6,293.6,299.2,0.7,0.00,1.1,163.145,,
290,-185.0,-186.6,-0.6,293.4,299.0,0.7,0.00,1.1,163.722,,
291,-183.4,-185.4,1.0,293.2,299.1,0.7,0.00,1.1,164.300,,
292,-186.8,-185.1,-2.4,292.9,299.0,0.7,0.00,0.7,164.846,,
293,-189.5,-186.6,-5.1,292.7,299.1,0.7,0.00,0.9,165.407,,
294,-189.8,-188.7,-5.4,292.5,299.0,0.7,0.00,1.1,165.969,,
295,-192.1,-190.5,-7.7,292.2,299.1,0.7,0.00,1.1,166.546,,
296,-189.6,-190.5,-5.2,292.0,299.0,0.7,0.00,1.1,167.123,,
297,-187.6,-189.8,-3.3,291.8,298.8,0.7,0.00,0.6,167.669,,
298,-189.2,-188.8,-4.8,291.6,298.9,0.7,0.00,0.9,168.231,,
299,-185.8,-187.5,-1.4,291.3,299.0,0.7,0.00,1.1,168.792,,
300,-161.2,-178.7,23.2,291.1,298.1,0.7,0.00,1.0,169.370,,
301,405.2,19.4,589.6,290.8,298.4,0.7,0.00,1.0,169.947,,
302,432.3,225.4,616.6,291.2,299.2,0.7,0.00,1.0,170.524,,
303,430.2,422.6,614.6,291.6,299.0,0.7,0.00,1.0,171.101,,
304,433.5,432.0,617.9,292.1,299.2,0.7,0.00,1.0,171.678,,
305,434.7,432.8,619.1,292.5,299.1,0.7,0.00,1.0,172.256,,
306,438.5,435.6,622.9,293.0,299.3,0.7,0.00,0.6,172.802,,
307,431.7,435.0,616.1,293.4,299.2,0.7,0.00,0.9,173.363,,
308,440.6,436.9,625.0,293.8,299.2,0.7,0.00,1.0,173.940,,
309,433.4,435.2,617.8,294.3,299.4,0.7,0.00,1.0,174.502,,
310,436.7,436.9,621.1,294.7,299.3,0.6,0.00,1.0,175.079,,
311,432.8,434.3,617.2,295.1,299.5,0.6,0.00,1.0,175.656,,
312,430.7,433.4,615.1,295.5,299.5,0.6,0.00,1.1,176.234,,
313,428.6,430.7,613.0,295.8,299.2,0.6,0.00,-1.1,176.780,,
314,428.5,429.3,612.9,296.2,299.5,0.6,0.00,1.0,177.326,,
315,434.3,430.5,618.7,296.5,299.7,0.6,0.00,1.0,177.903,,
316,436.9,433.3,621.3,296.9,299.5,0.6,0.00,0.2,178.449,,
317,434.1,435.1,618.5,297.3,299.7,0.6,0.00,0.9,179.010,,
318,426.5,432.5,610.9,297.6,299.8,0.6,0.00,1.0,179.556,,
319,431.7,430.8,616.1,297.9,299.9,0.6,0.00,0.0,180.118,,
320,437.0,431.7,621.4,298.2,299.6,0.6,0.00,0.7,180.680,,
321,428.4,432.4,612.8,298.6,299.9,0.6,0.00,0.9,181.241,,
322,433.3,432.9,617.7,298.8,299.7,0.6,0.00,1.0,181.818,,
323,434.2,432.0,618.6,299.1,299.8,0.6,0.00,-1.1,182.349,,
324,432.5,433.3,616.9,299.4,299.7,0.6,0.00,1.0,182.910,,
325,430.4,432.4,614.8,299.7,299.9,0.6,0.00,1.0,183.472,,
326,432.6,431.8,617.0,300.0,299.8,0.6,0.00,1.1,184.049,,
327,430.9,431.3,615.3,300.3,299.9,0.6,0.00,1.1,184.626,,
328,432.0,431.8,616.4,300.5,299.7,0.6,0.00,1.1,185.204,,
329,431.1,431.3,615.5,300.8,299.8,0.6,0.00,1.0,185.781,,
330,430.2,431.1,614.6,301.0,299.9,0.6,0.00,1.0,186.358,,
331,431.5,430.9,615.9,301.3,299.9,0.6,0.00,-0.9,186.920,,
332,432.6,431.5,617.0,301.5,299.8,0.6,0.00,1.0,187.466,,
333,432.2,432.1,616.6,301.8,299.9,0.6,0.00,1.0,188.027,,
334,436.1,433.6,620.4,302.0,300.1,0.6,0.00,1.0,188.604,,
335,430.0,432.7,614.4,302.2,300.0,0.6,0.00,0.4,189.150,,
336,434.9,433.7,619.3,302.4,300.1,0.6,0.00,0.8,189.712,,
337,430.7,431.9,615.1,302.7,300.1,0.6,0.00,1.0,190.289,,
338,429.9,431.8,614.2,302.9,300.1,0.6,0.00,1.0,190.851,,
339,429.3,430.0,613.7,303.0,300.3,0.6,0.00,1.0,191.428,,
340,430.2,429.8,614.6,303.2,300.1,0.6,0.00,0.2,191.974,,
341,426.5,428.7,610.9,303.4,300.2,0.6,0.00,0.9,192.536,,
342,429.2,428.6,613.6,303.6,300.2,0.6,0.00,1.0,193.097,,
343,429.8,428.5,614.2,303.8,300.4,0.6,0.00,1.0,193.674,,
344,427.9,429.0,612.3,303.9,300.4,0.6,0.00,1.1,194.252,,
345,426.8,428.2,611.2,304.1,300.3,0.6,0.00,0.6,194.860,,
346,434.8,429.8,619.2,304.2,300.6,0.6,0.00,1.0,195.406,,
347,430.0,430.5,614.4,304.4,300.4,0.6,0.00,0.2,195.952,,
348,432.9,432.6,617.3,304.6,300.3,0.6,0.00,0.7,196.514,,
349,430.9,431.3,615.3,304.7,300.3,0.6,0.00,1.0,197.075,,
350,429.8,431.2,614.2,304.9,300.5,0.6,0.00,1.0,197.652,,
351,433.4,431.3,617.8,305.0,300.5,0.6,0.00,1.1,198.214,,
352,428.7,430.6,613.1,305.2,300.6,0.6,0.00,-0.2,198.776,,
353,431.5,431.2,615.9,305.3,300.6,0.6,0.00,0.8,199.337,,
354,427.8,429.4,612.2,305.4,300.7,0.6,0.00,0.9,199.883,,
355,426.7,428.7,611.1,305.5,300.4,0.6,0.00,1.0,200.460,,
356,430.9,428.5,615.3,305.6,300.5,0.6,0.00,-0.6,201.022,,
357,431.1,429.6,615.5,305.8,300.7,0.6,0.00,0.7,201.584,,
358,427.8,429.9,612.2,305.9,300.3,0.6,0.00,0.6,202.161,,
359,425.6,428.2,610.0,306.0,300.5,0.6,0.00,0.8,202.738,,
360,430.8,428.1,615.2,306.1,300.3,0.7,0.00,1.0,203.284,,
361,432.5,429.6,616.9,306.2,300.6,0.7,0.00,1.0,203.861,,
362,430.3,431.2,614.7,306.3,300.4,0.7,0.00,0.6,204.407,,
363,430.0,430.9,614.4,306.4,300.4,0.7,0.00,0.5,204.984,,
364,429.0,429.7,613.4,306.5,300.6,0.7,0.00,0.9,205.546,,
365,431.9,430.3,616.3,306.5,300.5,0.7,0.00,1.0,206.108,,
366,428.4,429.8,612.8,306.6,300.6,0.7,0.00,1.0,206.685,,
367,434.1,431.5,618.5,306.7,300.7,0.7,0.00,1.0,207.262,,
368,426.8,429.8,611.2,306.8,300.6,0.7,0.00,0.5,207.808,,
369,426.3,429.1,610.7,306.9,300.6,0.7,0.00,0.9,208.370,,
370,433.1,428.8,617.5,306.9,300.5,0.7,0.00,1.0,208.947,,
371,430.7,430.1,615.1,307.0,300.6,0.7,0.00,1.0,209.524,,
372,431.1,431.6,615.5,307.1,300.5,0.7,0.00,1.0,210.086,,
373,426.3,429.4,610.7,307.1,300.5,0.7,0.00,0.4,210.632,,
374,427.0,428.2,611.4,307.2,300.7,0.7,0.00,0.8,211.193,,
375,429.2,427.5,613.6,307.2,300.8,0.7,0.00,0.9,211.770,,
376,428.8,428.3,613.1,307.3,300.5,0.7,0.00,1.0,212.332,,
377,431.3,429.8,615.7,307.3,300.7,0.7,0.00,0.0,212.878,,
378,429.4,429.8,613.8,307.4,300.8,0.7,0.00,0.1,213.455,,
379,432.1,430.9,616.5,307.4,300.7,0.7,0.00,-0.1,214.032,,
380,429.9,430.5,614.3,307.5,300.8,0.7,0.00,0.1,214.610,,
381,426.7,429.6,611.1,307.5,300.6,0.7,0.00,0.9,215.171,,
382,437.5,431.4,621.9,307.6,300.6,0.7,0.00,0.9,215.748,,
383,431.0,431.7,615.4,307.6,300.8,0.7,0.00,0.5,216.341,,
384,428.5,432.3,612.9,307.6,300.6,0.7,0.00,0.9,216.903,,
385,429.0,429.5,613.4,307.7,300.6,0.7,0.00,1.0,217.480,,
386,431.4,429.6,615.8,307.7,300.7,0.7,0.00,1.0,218.057,,
387,434.2,431.5,618.6,307.7,300.8,0.7,0.00,1.0,218.619,,
388,428.6,431.4,613.0,307.8,300.9,0.7,0.00,1.0,219.180,,
389,427.9,430.2,612.3,307.8,300.8,0.7,0.00,0.5,219.742,,
390,431.9,429.5,616.3,307.8,300.6,0.7,0.00,0.6,220.319,,
391,423.1,427.7,607.5,307.8,300.8,0.7,0.00,0.9,220.881,,
392,425.1,426.7,609.5,307.8,300.8,0.7,0.00,1.0,221.458,,
393,429.6,426.0,614.0,307.8,300.7,0.7,0.00,1.0,222.035,,
394,427.9,427.5,612.3,307.8,300.8,0.7,0.00,1.0,222.597,,
395,428.7,428.7,613.1,307.8,300.6,0.7,0.00,1.0,223.174,,
396,422.8,426.5,607.2,307.8,301.0,0.7,0.00,1.0,223.751,,
397,427.9,426.5,612.3,307.8,300.6,0.7,0.00,0.7,224.297,,
398,425.7,425.5,610.1,307.8,300.9,0.7,0.00,0.5,224.874,,
399,426.1,426.6,610.5,307.8,300.6,0.7,0.00,0.5,225.452,,
400,350.6,400.8,535.0,307.8,301.6,0.7,0.00,0.6,226.029,,
401,148.5,308.4,332.8,307.6,301.2,0.7,0.00,0.8,226.606,,
402,-10.1,163.0,174.3,307.2,301.3,0.7,0.00,0.8,227.183,,
403,-106.7,10.5,77.7,306.9,300.9,0.7,0.00,1.1,227.745,,
404,-148.7,-88.5,35.7,306.8,300.6,0.7,0.00,1.1,228.306,,
405,-169.6,-141.7,14.7,306.7,300.4,0.7,0.00,0.7,228.852,,
406,-180.6,-166.3,3.8,306.6,300.4,0.7,0.00,1.0,229.414,,
407,-184.6,-178.3,-0.2,306.6,300.5,0.7,0.00,1.1,229.991,,
408,-185.1,-183.4,-0.7,306.6,300.4,0.7,0.00,1.1,230.553,,
409,-182.5,-184.1,1.9,306.6,300.5,0.7,0.00,1.1,231.130,,
410,-187.7,-185.1,-3.3,306.6,300.3,0.7,0.00,1.2,231.707,,
411,-189.7,-186.6,-5.3,306.6,300.5,0.7,0.00,1.2,232.284,,
412,-191.7,-189.7,-7.4,306.6,300.4,0.7,0.00,1.1,232.862,,
413,-187.2,-189.5,-2.8,306.6,300.4,0.7,0.00,-0.8,233.408,,
414,-187.8,-188.9,-3.4,306.6,300.3,0.7,0.00,1.1,233.969,,
415,-188.6,-187.9,-4.2,306.6,300.5,0.7,0.00,1.1,234.546,,
416,-187.5,-188.0,-3.1,306.6,300.3,0.7,0.00,1.1,235.108,,
417,-193.1,-189.8,-8.8,306.6,300.2,0.7,0.00,1.1,235.685,,
418,-191.4,-190.7,-7.1,306.6,300.1,0.7,0.00,1.2,236.262,,
419,-195.7,-193.4,-11.3,306.6,300.1,0.7,0.00,1.1,236.824,,
420,-195.4,-194.2,-11.0,306.6,300.2,0.7,0.00,1.0,237.370,,
421,-189.1,-193.4,-4.7,306.6,300.1,0.7,0.00,1.1,237.947,,
422,-189.6,-191.4,-5.2,306.5,300.1,0.7,0.00,1.1,238.509,,
423,-185.4,-188.0,-1.0,306.5,300.1,0.7,0.00,0.5,239.055,,
424,-187.9,-187.6,-3.5,306.5,300.0,0.7,0.00,0.9,239.616,,
425,-191.3,-188.2,-6.9,306.5,299.9,0.7,0.00,1.1,240.178,,
426,-188.4,-189.2,-4.0,306.5,300.1,0.7,0.00,1.1,240.755,,
427,-187.1,-189.0,-2.8,306.4,300.1,0.7,0.00,1.1,241.332,,
428,-190.3,-188.6,-5.9,306.4,299.9,0.7,0.00,1.1,241.910,,
429,-191.5,-189.6,-7.1,306.4,300.0,0.7,0.00,1.1,242.487,,
430,-188.7,-190.2,-4.4,306.3,299.9,0.7,0.00,1.2,243.064,,
431,-188.1,-189.4,-3.7,306.3,300.2,0.7,0.00,1.2,243.641,,
432,-188.6,-188.5,-4.2,306.3,300.1,0.7,0.00,1.2,244.218,,
433,-189.8,-188.8,-5.4,306.2,299.8,0.7,0.00,1.1,244.796,,
434,-189.8,-189.4,-5.4,306.2,299.8,0.7,0.00,0.7,245.342,,
435,-187.2,-189.0,-2.8,306.2,299.9,0.7,0.00,1.1,245.903,,
436,-186.7,-187.9,-2.3,306.1,299.9,0.7,0.00,1.0,246.480,,
437,-190.6,-188.2,-6.2,306.1,299.9,0.7,0.00,1.1,247.042,,
438,-188.4,-188.6,-4.0,306.1,300.1,0.7,0.00,1.1,247.619,,
439,-189.4,-189.5,-5.0,306.0,299.7,0.7,0.00,0.6,248.165,,
440,-188.8,-188.9,-4.4,306.0,299.8,0.7,0.00,1.0,248.727,,
441,-191.0,-189.8,-6.6,305.9,300.0,0.7,0.00,1.0,249.304,,
442,-186.1,-188.6,-1.7,305.9,299.7,0.7,0.00,1.1,249.866,,
443,-190.4,-189.2,-6.0,305.8,299.8,0.7,0.00,0.3,250.412,,
444,-191.4,-189.3,-7.0,305.8,299.7,0.7,0.00,0.3,250.989,,
445,-188.2,-190.0,-3.8,305.7,299.7,0.7,0.00,1.0,251.550,,
446,-188.9,-189.5,-4.5,305.7,299.7,0.7,0.00,1.0,252.128,,
447,-191.3,-189.4,-6.9,305.6,299.6,0.7,0.00,1.1,252.705,,
448,-188.5,-189.5,-4.1,305.6,299.6,0.7,0.00,1.1,253.251,,
449,-191.8,-190.5,-7.4,305.5,299.5,0.7,0.00,0.9,253.797,,
450,-192.0,-190.7,-7.6,305.5,299.6,0.7,0.00,0.9,254.374,,
451,-190.8,-191.5,-6.5,305.4,299.4,0.7,0.00,0.3,254.967,,
452,-190.7,-191.2,-6.3,305.4,299.6,0.7,0.00,0.9,255.528,,
453,-188.6,-190.0,-4.2,305.3,299.4,0.7,0.00,1.0,256.106,,
454,-189.6,-189.6,-5.2,305.3,299.8,0.7,0.00,0.7,256.698,,
455,-191.8,-190.0,-7.5,305.2,299.5,0.7,0.00,0.7,257.276,,
456,-187.8,-189.7,-3.4,305.2,299.4,0.7,0.00,0.7,257.853,,
457,-194.6,-191.4,-10.2,305.1,299.6,0.7,0.00,0.8,258.430,,
458,-189.8,-190.7,-5.4,305.1,299.5,0.7,0.00,0.8,259.007,,
459,-193.7,-192.7,-9.3,305.0,299.4,0.7,0.00,0.9,259.584,,
460,-190.2,-191.2,-5.9,304.9,299.6,0.7,0.00,0.9,260.162,,
461,-186.7,-190.2,-2.3,304.9,299.6,0.7,0.00,0.9,260.739,,
462,-185.4,-187.4,-1.0,304.8,299.6,0.7,0.00,0.9,261.316,,
463,-190.6,-187.6,-6.2,304.7,299.4,0.7,0.00,0.9,261.893,,
464,-188.4,-188.1,-4.0,304.7,299.3,0.7,0.00,1.1,262.455,,
465,-190.8,-189.9,-6.4,304.6,299.5,0.7,0.00,1.1,263.032,,
466,-188.8,-189.3,-4.5,304.5,299.4,0.7,0.00,1.2,263.609,,
467,-189.2,-189.6,-4.8,304.5,299.2,0.7,0.00,0.1,264.155,,
468,-191.1,-189.7,-6.8,304.4,299.4,0.7,0.00,0.1,264.732,,
469,-189.9,-190.1,-5.5,304.3,299.3,0.7,0.00,1.0,265.294,,
470,-186.7,-189.2,-2.3,304.3,299.2,0.7,0.00,0.9,265.871,,
471,-185.4,-187.3,-1.0,304.2,299.2,0.7,0.00,1.0,266.448,,
472,-186.1,-186.0,-1.7,304.1,299.3,0.7,0.00,1.1,267.010,,
473,-191.0,-187.5,-6.6,304.0,299.2,0.7,0.00,1.2,267.587,,
474,-186.0,-187.7,-1.6,303.9,299.4,0.7,0.00,1.1,268.164,,
475,-192.4,-189.8,-8.0,303.9,299.4,0.7,0.00,1.2,268.742,,
476,-192.5,-190.3,-8.1,303.8,299.2,0.7,0.00,1.2,269.319,,
477,-187.1,-190.7,-2.7,303.7,299.3,0.7,0.00,1.2,269.896,,
478,-189.6,-189.8,-5.2,303.6,299.4,0.7,0.00,0.5,270.442,,
479,-194.8,-190.5,-10.4,303.6,299.3,0.7,0.00,1.0,271.004,,
480,-187.4,-190.6,-3.0,303.5,299.3,0.7,0.00,1.1,271.581,,
481,-190.9,-191.0,-6.5,303.4,299.3,0.7,0.00,1.1,272.142,,
482,-191.1,-189.8,-6.7,303.3,299.0,0.7,0.00,1.2,272.720,,
483,-186.3,-189.4,-1.9,303.3,299.4,0.7,0.00,0.4,273.266,,
484,-188.6,-188.7,-4.2,303.2,299.4,0.7,0.00,0.9,273.827,,
485,-187.2,-187.3,-2.8,303.1,299.2,0.7,0.00,1.1,274.373,,
486,-187.5,-187.7,-3.1,303.0,299.1,0.7,0.00,-0.2,274.935,,
487,-190.6,-188.4,-6.2,302.9,299.4,0.7,0.00,0.8,275.496,,
488,-190.7,-189.6,-6.4,302.8,299.2,0.7,0.00,0.9,276.074,,
489,-190.2,-190.5,-5.8,302.7,299.2,0.7,0.00,0.9,276.651,,
490,-193.8,-191.6,-9.4,302.7,299.2,0.7,0.00,1.1,277.212,,
491,-188.7,-190.9,-4.3,302.6,299.2,0.7,0.00,1.1,277.790,,
492,-187.5,-190.0,-3.1,302.5,299.1,0.7,0.00,1.1,278.351,,
493,-187.8,-188.0,-3.4,302.4,299.0,0.7,0.00,1.2,278.944,,
494,-192.4,-189.2,-8.0,302.3,299.0,0.7,0.00,1.1,279.537,,
495,-184.7,-188.3,-0.3,302.2,299.1,0.7,0.00,1.1,280.114,,
496,-190.7,-189.2,-6.3,302.1,299.3,0.7,0.00,1.0,280.691,,
497,-191.0,-188.8,-6.6,302.1,299.2,0.7,0.00,1.1,281.268,,
498,-191.1,-190.9,-6.7,302.0,299.0,0.7,0.00,1.1,281.846,,
499,-188.3,-190.1,-3.9,301.9,299.1,0.7,0.00,1.1,282.407,,
500,-161.1,-180.2,23.3,301.8,298.2,0.7,0.00,1.1,282.984,,
501,405.7,18.8,590.1,301.6,298.6,0.7,0.00,1.1,283.562,,
502,429.8,224.8,614.2,301.7,298.9,0.7,0.00,-0.7,284.108,,
503,433.0,422.9,617.4,301.9,299.2,0.7,0.00,0.7,284.685,,
504,432.2,431.7,616.6,302.0,299.2,0.7,0.00,1.0,285.246,,
505,427.6,431.0,612.0,302.2,299.0,0.7,0.00,1.1,285.808,,
506,436.1,432.0,620.5,302.3,299.2,0.7,0.00,1.1,286.385,,
507,432.7,432.1,617.1,302.4,299.4,0.7,0.00,1.1,286.962,,
508,427.9,432.2,612.3,302.6,299.6,0.7,0.00,1.1,287.540,,
509,430.7,430.4,615.1,302.7,299.5,0.7,0.00,1.1,288.117,,
510,430.6,429.7,615.0,302.8,299.4,0.7,0.00,1.1,288.710,,
511,435.2,432.2,619.6,303.0,299.4,0.7,0.00,1.0,289.287,,
512,431.0,432.3,615.4,303.1,299.5,0.7,0.00,1.0,289.880,,
513,432.8,433.0,617.1,303.2,299.4,0.7,0.00,1.0,290.457,,
514,426.6,430.1,611.0,303.3,299.6,0.7,0.00,1.0,291.034,,
515,434.4,431.2,618.8,303.5,299.5,0.7,0.00,1.1,291.689,,
516,426.7,429.2,611.1,303.6,299.5,0.7,0.00,1.1,292.251,,
517,429.6,430.2,614.0,303.7,299.8,0.7,0.00,1.0,292.844,,
518,433.3,429.9,617.7,303.8,299.7,0.7,0.00,1.0,293.405,,
519,433.8,432.3,618.2,303.9,299.9,0.7,0.00,1.0,293.998,,
520,429.5,432.2,613.9,304.0,299.7,0.7,0.00,1.0,294.575,,
521,426.9,430.1,611.2,304.1,299.7,0.7,0.00,1.1,295.137,,
522,432.3,429.6,616.7,304.2,299.6,0.7,0.00,1.1,295.714,,
523,431.3,430.2,615.7,304.3,300.0,0.7,0.00,1.0,296.291,,
524,433.4,432.3,617.8,304.4,299.8,0.7,0.00,1.1,296.868,,
525,429.4,431.4,613.8,304.5,299.7,0.7,0.00,1.1,297.446,,
526,429.0,430.6,613.4,304.6,300.0,0.7,0.00,1.1,298.038,,
527,433.2,430.5,617.6,304.7,300.0,0.7,0.00,1.0,298.631,,
528,427.6,429.9,612.0,304.8,299.9,0.7,0.00,1.0,299.208,,
529,425.6,428.8,610.0,304.9,299.9,0.7,0.00,1.0,299.786,,
530,431.2,428.2,615.6,305.0,299.9,0.7,0.00,1.0,300.363,,
531,428.2,428.3,612.6,305.0,299.7,0.7,0.00,1.0,300.940,,
532,426.3,428.6,610.7,305.1,299.8,0.7,0.00,1.1,301.502,,
533,428.4,427.6,612.8,305.2,300.3,0.7,0.00,1.1,302.079,,
534,428.7,427.8,613.1,305.3,300.2,0.7,0.00,1.1,302.656,,
535,433.1,430.1,617.5,305.4,300.0,0.7,0.00,-0.6,303.202,,
536,425.6,429.1,610.0,305.4,300.1,0.7,0.00,0.6,303.779,,
537,430.5,429.7,614.9,305.5,300.2,0.7,0.00,0.8,304.356,,
538,427.2,427.8,611.6,305.6,300.2,0.7,0.00,0.7,304.934,,
539,431.9,429.9,616.3,305.6,300.1,0.7,0.00,0.8,305.511,,
540,425.4,428.2,609.8,305.7,300.1,0.7,0.00,0.8,306.088,,
541,431.2,429.5,615.6,305.8,300.2,0.7,0.00,0.8,306.665,,
542,426.1,427.6,610.5,305.8,300.3,0.7,0.00,1.0,307.227,,
543,434.0,430.4,618.3,305.9,300.1,0.7,0.00,1.1,307.804,,
544,431.2,430.4,615.6,306.0,300.3,0.7,0.00,1.1,308.381,,
545,431.7,432.3,616.0,306.0,300.1,0.7,0.00,1.0,308.958,,
546,426.8,429.9,611.2,306.1,300.3,0.7,0.00,1.1,309.536,,
547,430.8,429.7,615.2,306.2,300.2,0.7,0.00,1.1,310.113,,
548,427.6,428.4,612.0,306.2,300.5,0.7,0.00,1.0,310.706,,
549,428.2,428.9,612.6,306.3,300.4,0.7,0.00,1.1,311.267,,
550,428.8,428.2,613.2,306.3,300.5,0.7,0.00,1.1,311.860,,
551,426.6,427.8,611.0,306.4,300.3,0.7,0.00,1.0,312.422,,
552,427.1,427.5,611.5,306.4,300.5,0.7,0.00,1.1,312.999,,
553,426.6,426.7,611.0,306.5,300.3,0.7,0.00,1.0,313.576,,
554,428.9,427.5,613.3,306.5,300.6,0.7,0.00,1.1,314.153,,
555,424.6,426.7,609.0,306.5,300.4,0.7,0.00,1.1,314.746,,
556,432.5,428.7,616.9,306.6,300.4,0.7,0.00,1.1,315.323,,
557,426.3,427.8,610.7,306.6,300.5,0.7,0.00,1.1,315.900,,
558,424.7,427.8,609.1,306.7,300.7,0.7,0.00,1.1,316.478,,
559,427.8,426.2,612.1,306.7,300.4,0.7,0.00,1.0,317.070,,
560,427.9,426.8,612.3,306.7,300.8,0.7,0.00,1.1,317.632,,
561,424.3,426.7,608.7,306.8,300.7,0.7,0.00,1.1,318.209,,
562,429.6,427.3,614.0,306.8,300.7,0.7,0.00,1.0,318.786,,
563,429.8,427.9,614.2,306.8,300.4,0.7,0.00,1.1,319.364,,
564,424.8,428.1,609.2,306.9,300.6,0.7,0.00,1.1,319.941,,
565,424.7,426.5,609.1,306.9,300.5,0.7,0.00,-0.5,320.487,,
566,429.0,426.2,613.4,306.9,300.7,0.7,0.00,0.7,321.064,,
567,427.5,427.1,611.9,307.0,300.5,0.7,0.00,0.6,321.641,,
568,425.9,427.5,610.3,307.0,300.6,0.7,0.00,0.7,322.218,,
569,430.5,428.0,614.9,307.0,300.5,0.7,0.00,0.8,322.796,,
570,431.5,429.3,615.9,307.0,300.8,0.7,0.00,0.9,323.373,,
571,427.5,429.8,611.9,307.1,300.7,0.7,0.00,0.8,323.950,,
572,428.6,429.2,613.0,307.1,300.5,0.7,0.00,0.8,324.527,,
573,426.9,427.6,611.2,307.1,300.5,0.7,0.00,1.0,325.089,,
574,427.3,427.6,611.7,307.1,300.7,0.7,0.00,1.1,325.650,,
575,426.9,427.0,611.3,307.2,300.6,0.7,0.00,1.1,326.243,,
576,428.4,427.5,612.8,307.2,300.6,0.7,0.00,1.0,326.836,,
577,422.8,426.0,607.2,307.2,300.6,0.7,0.00,1.0,327.413,,
578,428.2,426.5,612.6,307.2,300.9,0.7,0.00,1.0,327.990,,
579,432.9,428.0,617.3,307.2,300.7,0.7,0.00,1.1,328.568,,
580,427.5,429.5,611.9,307.2,300.5,0.7,0.00,1.1,329.129,,
581,430.5,430.3,614.9,307.3,300.9,0.7,0.00,1.1,329.706,,
582,428.5,428.8,612.9,307.3,300.9,0.7,0.00,1.1,330.284,,
583,428.2,429.1,612.6,307.3,300.8,0.7,0.00,1.1,330.876,,
584,429.5,428.7,613.9,307.3,300.6,0.7,0.00,1.1,331.438,,
585,431.7,429.8,616.1,307.3,300.8,0.7,0.00,1.1,332.031,,
586,419.6,427.0,604.0,307.3,300.9,0.7,0.00,1.0,332.624,,
587,428.7,426.7,613.1,307.3,300.8,0.7,0.00,1.0,333.201,,
588,429.1,425.8,613.5,307.3,300.6,0.7,0.00,1.0,333.762,,
589,426.7,428.2,611.1,307.3,300.9,0.7,0.00,1.0,334.355,,
590,427.5,427.8,611.9,307.3,300.7,0.7,0.00,1.1,334.917,,
591,423.1,425.8,607.5,307.3,300.9,0.7,0.00,1.1,335.494,,
592,425.3,425.3,609.7,307.3,300.8,0.7,0.00,1.1,336.071,,
593,430.8,426.4,615.2,307.3,300.9,0.7,0.00,1.1,336.648,,
594,429.2,428.4,613.6,307.3,300.8,0.7,0.00,1.1,337.226,,
595,428.1,429.3,612.5,307.3,300.8,0.7,0.00,1.1,337.818,,
596,423.6,427.0,608.0,307.3,300.8,0.7,0.00,1.1,338.396,,
597,425.6,425.8,610.0,307.3,300.8,0.7,0.00,1.0,338.988,,
598,430.8,426.7,615.2,307.3,300.9,0.7,0.00,0.9,339.566,,
599,425.8,427.4,610.2,307.3,301.0,0.7,0.00,1.0,340.143,,
600,351.6,402.7,536.0,307.3,301.6,0.7,0.00,1.0,340.704,,
601,151.8,309.7,336.2,307.2,301.5,0.7,0.00,1.1,341.282,,
602,-9.4,164.7,175.0,307.0,301.1,0.7,0.00,1.1,341.859,,
603,-109.3,11.1,75.1,306.8,301.0,0.7,0.00,1.1,342.436,,
604,-156.5,-91.7,27.9,306.6,300.8,0.7,0.00,1.1,343.013,,
605,-174.0,-146.6,10.4,306.6,300.8,0.7,0.00,1.2,343.590,,
606,-179.9,-170.1,4.5,306.6,300.7,0.7,0.00,1.2,344.183,,
607,-189.6,-181.2,-5.2,306.6,300.5,0.7,0.00,1.1,344.760,,
608,-188.6,-186.1,-4.2,306.6,300.5,0.7,0.00,1.0,345.353,,
609,-184.3,-187.5,0.1,306.6,300.5,0.7,0.00,1.0,345.930,,
610,-187.8,-186.9,-3.4,306.6,300.7,0.7,0.00,1.0,346.508,,
611,-186.9,-186.3,-2.5,306.6,300.5,0.7,0.00,1.1,347.085,,
612,-189.8,-188.2,-5.4,306.6,300.6,0.7,0.00,1.1,347.662,,
613,-187.4,-188.0,-3.0,306.6,300.5,0.7,0.00,1.1,348.224,,
614,-189.3,-188.8,-4.9,306.6,300.3,0.7,0.00,1.2,348.816,,
615,-185.7,-187.4,-1.3,306.6,300.4,0.7,0.00,1.2,349.378,,
616,-193.1,-189.3,-8.7,306.6,300.3,0.7,0.00,1.2,349.955,,
617,-194.3,-191.0,-9.9,306.6,300.4,0.7,0.00,-0.9,350.501,,
618,-187.9,-191.8,-3.5,306.6,300.5,0.7,0.00,1.1,351.063,,
619,-191.6,-191.2,-7.2,306.6,300.3,0.7,0.00,1.1,351.640,,
620,-188.0,-189.1,-3.6,306.6,300.3,0.7,0.00,1.1,352.202,,
621,-190.6,-190.0,-6.2,306.6,300.3,0.7,0.00,1.2,352.779,,
622,-188.8,-189.1,-4.4,306.6,300.3,0.7,0.00,1.2,353.356,,
623,-188.1,-189.1,-3.7,306.6,300.2,0.7,0.00,1.2,354.089,,
624,-189.4,-188.8,-5.0,306.6,300.1,0.7,0.00,1.1,354.682,,
625,-188.8,-188.8,-4.4,306.6,300.2,0.7,0.00,1.0,355.259,,
626,-187.2,-188.5,-2.8,306.5,300.3,0.7,0.00,1.1,355.836,,
627,-193.5,-189.8,-9.1,306.5,300.1,0.7,0.00,1.1,356.414,,
628,-192.9,-191.2,-8.5,306.5,300.1,0.7,0.00,1.1,356.991,,
629,-191.0,-192.5,-6.6,306.5,300.0,0.7,0.00,1.2,357.552,,
630,-191.4,-191.8,-7.0,306.5,300.2,0.7,0.00,1.2,358.130,,
631,-191.0,-191.1,-6.6,306.5,300.0,0.7,0.00,1.2,358.707,,
632,-189.5,-190.6,-5.1,306.5,300.0,0.7,0.00,1.2,359.284,,
633,-191.7,-190.7,-7.3,306.5,300.1,0.7,0.00,0.5,359.908,,
634,-187.9,-189.7,-3.6,306.5,300.0,0.7,0.00,0.6,360.485,,
635,-194.6,-191.4,-10.2,306.5,299.9,0.7,0.00,0.6,361.062,,
636,-191.1,-191.2,-6.7,306.5,299.8,0.7,0.00,0.8,361.640,,
637,-192.5,-192.8,-8.1,306.4,300.0,0.7,0.00,0.8,362.217,,
638,-192.2,-192.0,-7.8,306.4,300.1,0.7,0.00,0.8,362.794,,
639,-189.5,-191.4,-5.1,306.4,299.9,0.7,0.00,0.9,363.371,,
640,-191.8,-191.2,-7.4,306.4,300.0,0.7,0.00,0.9,363.948,,
641,-187.7,-189.7,-3.3,306.4,300.0,0.7,0.00,0.9,364.526,,
642,-191.5,-190.3,-7.1,306.4,300.0,0.7,0.00,0.9,365.103,,
643,-190.4,-189.9,-6.0,306.3,300.2,0.7,0.00,1.0,365.680,,
644,-190.5,-190.8,-6.1,306.3,299.9,0.7,0.00,1.0,366.273,,
645,-191.7,-190.9,-7.3,306.3,300.0,0.7,0.00,1.0,366.834,,
646,-193.6,-192.0,-9.2,306.3,299.9,0.7,0.00,1.2,367.396,,
647,-191.8,-192.4,-7.5,306.3,299.9,0.7,0.00,1.1,367.989,,
648,-192.5,-192.7,-8.1,306.3,299.6,0.7,0.00,1.1,368.566,,
649,-188.4,-190.9,-4.0,306.2,299.7,0.7,0.00,1.1,369.143,,
650,-193.1,-191.3,-8.7,306.2,299.5,0.7,0.00,1.2,369.705,,
28/10/2020 13:50:56
Probe Amplitude      = 50
Probe Frequency (Hz) = 78.0
Probe Trigger        = 128
Probe Vb             = 7000
Probe DC             = 0
DAS Points           = 100
DAS Rate (Hz)        = 13500
DAS Signal Average   = 1
DAS Gain             = 1
Meas Points          = 650
Meas Voltage Steps   = 1
Meas WF Average      = 2
Meas Vb+             = 7000
Meas Vb-             = -7000
Meas Delay           = 0
Gradient Required    = 300
Gradient Bounts      = 10
Gradient Large Step  = 5
Gradient Small Step  = 1
Gradient Track Invert= -1










