Point,WF (mV),WFRA (mV),WFDel (mV),Std WF,GD (au),Std GD,Z Height (um),User,Time(Secs),,
0,-514.9,-514.9,0.0,0.0,299.6,0.0,0.00,1.6,0.000,,
1,-517.6,-516.3,-2.7,0.0,299.8,0.0,0.00,1.4,0.561,,
2,-518.9,-516.7,-3.9,0.0,300.0,0.0,0.00,1.4,1.139,,
3,-510.3,-515.6,4.6,2.0,299.9,0.2,0.00,0.9,1.685,,
4,-514.3,-514.5,0.6,3.8,299.6,0.2,0.00,1.2,2.246,,
5,-516.0,-513.5,-1.0,3.3,299.9,0.2,0.00,1.4,2.808,,
6,-521.1,-517.1,-6.2,3.0,299.7,0.1,0.00,1.4,3.385,,
7,-519.6,-518.9,-4.7,3.5,299.8,0.1,0.00,1.3,3.962,,
8,-522.2,-521.0,-7.3,3.5,299.5,0.1,0.00,0.6,4.508,,
9,-515.3,-519.0,-0.4,3.7,299.7,0.2,0.00,1.2,5.070,,
10,-514.9,-517.5,0.0,3.6,299.8,0.2,0.00,1.4,5.631,,
11,-516.3,-515.5,-1.4,3.5,299.7,0.1,0.00,1.4,6.193,,
12,-514.9,-515.4,0.0,3.3,299.7,0.1,0.00,0.1,6.755,,
13,-517.9,-516.4,-3.0,3.2,299.5,0.1,0.00,1.3,7.301,,
14,-515.6,-516.1,-0.7,3.1,299.8,0.1,0.00,1.4,7.862,,
15,-518.8,-517.4,-3.8,3.0,299.7,0.1,0.00,1.4,8.439,,
16,-520.9,-518.4,-6.0,2.9,299.6,0.1,0.00,-0.4,8.985,,
17,-523.9,-521.2,-9.0,3.0,299.4,0.1,0.00,1.3,9.547,,
18,-514.4,-519.8,0.5,3.3,299.6,0.1,0.00,1.4,10.109,,
19,-509.5,-516.0,5.4,3.3,299.6,0.1,0.00,1.4,10.686,,
20,-511.6,-511.9,3.3,3.7,299.8,0.1,0.00,0.8,11.232,,
21,-516.4,-512.5,-1.5,3.8,299.6,0.1,0.00,1.3,11.778,,
22,-515.2,-514.4,-0.3,3.7,299.6,0.1,0.00,1.4,12.355,,
23,-512.6,-514.7,2.3,3.6,299.6,0.1,0.00,0.4,12.901,,
24,-517.1,-515.0,-2.2,3.6,299.6,0.1,0.00,1.2,13.463,,
25,-514.3,-514.7,0.6,3.5,299.6,0.1,0.00,1.4,14.009,,
26,-517.4,-516.3,-2.4,3.5,299.2,0.1,0.00,-0.6,14.555,,
27,-517.3,-516.3,-2.4,3.4,299.4,0.2,0.00,1.3,15.116,,
28,-517.2,-517.3,-2.2,3.4,299.6,0.2,0.00,1.3,15.693,,
29,-517.2,-517.2,-2.3,3.3,299.6,0.2,0.00,1.3,16.271,,
30,-512.5,-515.6,2.4,3.3,299.5,0.2,0.00,1.4,16.832,,
31,-517.9,-515.9,-3.0,3.3,299.5,0.2,0.00,1.4,17.409,,
32,-516.2,-515.5,-1.3,3.2,299.6,0.2,0.00,1.4,17.987,,
33,-511.9,-515.3,3.0,3.2,299.7,0.2,0.00,-0.7,18.533,,
34,-519.7,-515.9,-4.8,3.2,299.8,0.2,0.00,1.3,19.094,,
35,-515.3,-515.6,-0.4,3.2,299.5,0.2,0.00,1.3,19.671,,
36,-516.9,-517.3,-2.0,3.2,299.5,0.2,0.00,1.4,20.233,,
37,-513.5,-515.2,1.4,3.2,299.4,0.2,0.00,1.3,20.810,,
38,-519.6,-516.7,-4.7,3.1,299.5,0.2,0.00,1.3,21.387,,
39,-516.0,-516.4,-1.1,3.1,299.7,0.2,0.00,1.4,21.965,,
40,-516.0,-517.2,-1.0,3.1,299.4,0.2,0.00,1.4,22.542,,
41,-514.8,-515.6,0.1,3.1,299.4,0.2,0.00,-0.2,23.088,,
42,-514.3,-515.0,0.7,3.0,299.7,0.2,0.00,1.3,23.665,,
43,-516.1,-515.1,-1.2,3.0,299.3,0.2,0.00,1.3,24.227,,
44,-517.2,-515.9,-2.3,3.0,299.6,0.2,0.00,1.4,24.788,,
45,-514.5,-515.9,0.4,3.0,299.6,0.2,0.00,1.4,25.365,,
46,-514.9,-515.5,0.0,2.9,299.3,0.2,0.00,1.4,25.943,,
47,-516.9,-515.4,-1.9,2.9,299.4,0.2,0.00,1.4,26.520,,
48,-516.0,-515.9,-1.1,2.9,299.4,0.2,0.00,-0.5,27.066,,
49,-518.6,-517.1,-3.7,2.8,299.5,0.2,0.00,1.3,27.627,,
50,-519.4,-518.0,-4.5,2.8,299.5,0.2,0.00,1.3,28.205,,
51,-515.2,-517.7,-0.3,2.8,299.4,0.2,0.00,1.4,28.751,,
52,-512.6,-515.7,2.3,2.8,299.5,0.2,0.00,0.8,29.312,,
53,-514.9,-514.2,0.1,2.8,299.3,0.2,0.00,1.3,29.874,,
54,-517.6,-515.0,-2.7,2.8,299.5,0.2,0.00,1.3,30.451,,
55,-518.9,-517.1,-4.0,2.8,299.2,0.2,0.00,1.4,31.013,,
56,-518.5,-518.3,-3.6,2.8,299.4,0.2,0.00,1.3,31.590,,
57,-518.8,-518.7,-3.9,2.8,299.4,0.2,0.00,1.4,32.167,,
58,-515.2,-517.5,-0.3,2.8,299.6,0.2,0.00,1.4,32.744,,
59,-520.4,-518.1,-5.5,2.8,299.4,0.2,0.00,1.4,33.321,,
60,-518.7,-518.1,-3.8,2.8,299.3,0.2,0.00,1.4,33.899,,
61,-515.5,-518.2,-0.6,2.8,299.4,0.2,0.00,1.4,34.476,,
62,-522.5,-518.9,-7.6,2.8,299.3,0.2,0.00,-0.3,35.037,,
63,-513.9,-517.3,1.0,2.8,299.4,0.2,0.00,1.1,35.599,,
64,-521.0,-519.1,-6.1,2.8,299.5,0.2,0.00,1.3,36.161,,
65,-510.6,-515.2,4.3,2.9,299.3,0.2,0.00,1.4,36.722,,
66,-513.0,-514.9,1.9,2.9,299.5,0.2,0.00,0.9,37.268,,
67,-515.3,-513.0,-0.4,2.9,299.4,0.2,0.00,1.2,37.830,,
68,-516.9,-515.1,-1.9,2.9,299.4,0.2,0.00,1.3,38.376,,
69,-514.9,-515.7,0.0,2.9,299.3,0.2,0.00,0.5,38.937,,
70,-516.5,-516.1,-1.5,2.9,299.3,0.2,0.00,1.3,39.483,,
71,-514.7,-515.4,0.2,2.9,299.4,0.2,0.00,1.4,40.045,,
72,-514.7,-515.3,0.2,2.9,299.3,0.2,0.00,-0.3,40.607,,
73,-515.1,-514.8,-0.2,2.8,299.2,0.2,0.00,1.1,41.168,,
74,-514.2,-514.7,0.7,2.8,299.1,0.2,0.00,1.4,41.730,,
75,-518.1,-515.8,-3.1,2.8,299.1,0.2,0.00,1.4,42.291,,
76,-516.7,-516.3,-1.8,2.8,299.5,0.2,0.00,1.4,42.869,,
77,-516.3,-517.0,-1.3,2.8,299.3,0.2,0.00,1.4,43.446,,
78,-521.8,-518.2,-6.9,2.8,299.4,0.2,0.00,0.9,43.992,,
79,-514.9,-517.7,0.0,2.8,299.4,0.2,0.00,1.3,44.553,,
80,-514.2,-517.0,0.8,2.8,299.4,0.2,0.00,1.3,45.131,,
81,-511.8,-513.6,3.2,2.8,299.4,0.2,0.00,1.4,45.708,,
82,-514.2,-513.4,0.8,2.8,299.4,0.2,0.00,1.3,46.269,,
83,-513.6,-513.2,1.3,2.8,299.4,0.2,0.00,1.4,46.831,,
84,-514.7,-514.2,0.2,2.8,299.1,0.2,0.00,1.3,47.377,,
85,-518.2,-515.5,-3.3,2.8,299.0,0.2,0.00,1.3,47.954,,
86,-519.9,-517.6,-4.9,2.8,299.1,0.2,0.00,1.3,48.531,,
87,-520.6,-519.5,-5.7,2.8,299.3,0.2,0.00,1.3,49.109,,
88,-520.3,-520.2,-5.4,2.8,299.3,0.2,0.00,1.4,49.670,,
89,-510.1,-517.0,4.8,2.8,299.3,0.2,0.00,1.4,50.247,,
90,-513.4,-514.6,1.5,2.9,299.2,0.2,0.00,1.4,50.809,,
91,-516.3,-513.3,-1.4,2.9,299.2,0.2,0.00,1.3,51.355,,
92,-516.5,-515.4,-1.6,2.9,299.4,0.2,0.00,1.3,51.917,,
93,-519.1,-517.3,-4.2,2.9,299.2,0.2,0.00,1.4,52.478,,
94,-515.5,-517.0,-0.6,2.9,299.3,0.2,0.00,0.6,53.040,,
95,-514.1,-516.2,0.8,2.9,299.3,0.2,0.00,1.4,53.586,,
96,-512.1,-513.9,2.8,2.9,299.3,0.2,0.00,1.3,54.147,,
97,-518.2,-514.8,-3.3,2.9,299.0,0.2,0.00,-0.4,54.740,,
98,-511.9,-514.1,3.0,2.9,299.3,0.2,0.00,0.1,55.286,,
99,-515.2,-515.1,-0.3,2.9,299.3,0.2,0.00,1.1,55.848,,
100,-516.1,-514.4,-1.1,2.9,299.1,0.2,0.00,1.3,56.394,,
101,-515.9,-515.7,-1.0,2.9,299.3,0.2,0.00,0.8,56.940,,
102,-519.0,-517.0,-4.1,2.8,299.0,0.2,0.00,1.3,57.501,,
103,-514.8,-516.6,0.1,2.8,299.1,0.2,0.00,1.3,58.063,,
104,-518.3,-517.4,-3.4,2.8,299.1,0.2,0.00,1.4,58.625,,
105,-517.0,-516.7,-2.0,2.8,299.0,0.2,0.00,0.7,59.186,,
106,-516.5,-517.3,-1.6,2.8,299.3,0.2,0.00,1.2,59.748,,
107,-518.0,-517.2,-3.1,2.8,299.3,0.2,0.00,1.2,60.325,,
108,-511.3,-515.3,3.6,2.8,299.2,0.2,0.00,1.4,60.871,,
109,-511.6,-513.7,3.3,2.8,299.1,0.2,0.00,0.1,61.433,,
110,-516.6,-513.2,-1.7,2.8,299.1,0.2,0.00,1.1,61.994,,
111,-510.1,-512.8,4.9,2.8,298.7,0.2,0.00,1.4,62.540,,
112,-514.9,-513.9,0.0,2.9,299.0,0.2,0.00,1.4,63.117,,
113,-521.0,-515.3,-6.0,2.9,299.2,0.2,0.00,0.9,63.663,,
114,-515.9,-517.3,-1.0,2.9,299.0,0.2,0.00,1.3,64.225,,
115,-523.2,-520.0,-8.2,2.9,299.1,0.2,0.00,1.4,64.802,,
116,-515.2,-518.1,-0.3,2.9,299.1,0.2,0.00,1.4,65.379,,
117,-519.9,-519.4,-5.0,2.9,299.1,0.2,0.00,1.4,65.941,,
118,-516.3,-517.1,-1.3,2.9,299.1,0.2,0.00,1.4,66.518,,
119,-517.3,-517.8,-2.4,2.9,299.1,0.2,0.00,0.9,67.064,,
120,-516.1,-516.6,-1.2,2.9,299.3,0.2,0.00,1.2,67.626,,
121,-517.6,-517.0,-2.6,2.9,299.3,0.2,0.00,1.4,68.187,,
122,-520.2,-517.9,-5.2,2.9,298.8,0.2,0.00,0.5,68.733,,
123,-513.0,-516.9,1.9,2.9,298.9,0.2,0.00,1.4,69.279,,
124,-520.0,-517.7,-5.1,2.9,299.2,0.2,0.00,-0.6,69.810,,
125,-516.6,-516.5,-1.7,2.9,299.2,0.2,0.00,1.3,70.371,,
126,-516.3,-517.6,-1.4,2.9,299.1,0.2,0.00,1.3,70.933,,
127,-511.9,-514.9,3.0,2.9,298.8,0.2,0.00,1.4,71.510,,
128,-512.1,-513.4,2.8,2.9,299.0,0.2,0.00,1.4,72.087,,
129,-513.5,-512.5,1.4,2.9,298.8,0.2,0.00,1.4,72.665,,
130,-515.1,-513.6,-0.2,2.9,299.0,0.3,0.00,1.4,73.242,,
131,-509.4,-512.7,5.5,2.9,298.9,0.3,0.00,-0.4,73.803,,
132,-514.4,-513.0,0.5,2.9,299.2,0.3,0.00,1.3,74.349,,
133,-518.1,-514.0,-3.1,2.9,299.1,0.3,0.00,1.3,74.911,,
134,-521.2,-517.9,-6.3,2.9,299.1,0.3,0.00,1.4,75.488,,
135,-520.6,-520.0,-5.7,3.0,299.1,0.3,0.00,1.4,76.065,,
136,-516.9,-519.6,-2.0,3.0,299.1,0.3,0.00,0.9,76.611,,
137,-515.1,-517.5,-0.2,3.0,299.1,0.3,0.00,1.2,77.173,,
138,-515.0,-515.6,-0.1,2.9,299.0,0.3,0.00,1.4,77.735,,
139,-513.4,-514.5,1.6,2.9,299.3,0.3,0.00,1.4,78.312,,
140,-514.6,-514.3,0.3,2.9,299.2,0.3,0.00,1.4,78.889,,
141,-519.2,-515.7,-4.3,2.9,299.0,0.3,0.00,1.4,79.466,,
142,-517.1,-517.0,-2.2,2.9,298.9,0.3,0.00,1.4,80.043,,
143,-513.3,-516.5,1.6,2.9,299.1,0.3,0.00,1.4,80.621,,
144,-517.0,-515.8,-2.1,2.9,299.0,0.3,0.00,1.3,81.198,,
145,-519.6,-516.6,-4.7,2.9,299.1,0.3,0.00,-0.5,81.759,,
146,-517.8,-518.1,-2.9,2.9,299.1,0.3,0.00,1.1,82.321,,
147,-518.2,-518.5,-3.3,2.9,298.9,0.3,0.00,1.3,82.883,,
148,-516.0,-517.3,-1.1,2.9,299.1,0.3,0.00,1.3,83.444,,
149,-515.4,-516.5,-0.5,2.9,298.9,0.3,0.00,1.4,84.021,,
150,-519.8,-517.1,-4.9,2.9,299.0,0.3,0.00,1.4,84.599,,
151,-516.8,-517.3,-1.9,2.9,299.0,0.3,0.00,1.4,85.176,,
152,-520.4,-519.0,-5.5,2.9,299.1,0.3,0.00,-0.5,85.737,,
153,-513.6,-516.9,1.3,2.9,299.2,0.3,0.00,1.0,86.299,,
154,-519.9,-518.0,-5.0,2.9,298.9,0.3,0.00,1.3,86.845,,
155,-516.1,-516.5,-1.1,2.9,299.1,0.3,0.00,0.5,87.391,,
156,-512.1,-516.0,2.8,2.9,298.8,0.3,0.00,1.3,87.953,,
157,-520.9,-516.4,-6.0,2.9,298.9,0.3,0.00,1.3,88.530,,
158,-517.8,-516.9,-2.9,2.9,299.0,0.3,0.00,1.3,89.107,,
159,-515.4,-518.0,-0.5,2.9,298.9,0.3,0.00,1.3,89.700,,
160,-517.2,-516.8,-2.3,2.9,298.7,0.3,0.00,1.3,90.261,,
161,-516.0,-516.2,-1.1,2.9,298.8,0.3,0.00,1.4,90.823,,
162,-515.9,-516.4,-1.0,2.9,299.0,0.3,0.00,1.3,91.385,,
163,-511.8,-514.6,3.1,2.9,298.9,0.3,0.00,0.8,91.946,,
164,-514.1,-513.9,0.9,2.9,298.8,0.3,0.00,1.4,92.492,,
165,-515.7,-513.9,-0.8,2.9,298.8,0.3,0.00,1.3,93.069,,
166,-513.0,-514.3,1.9,2.9,298.9,0.3,0.00,1.3,93.631,,
167,-516.0,-514.9,-1.1,2.9,298.8,0.3,0.00,0.5,94.193,,
168,-519.5,-516.2,-4.6,2.9,299.0,0.3,0.00,1.2,94.754,,
169,-514.4,-516.6,0.5,2.9,298.9,0.3,0.00,1.3,95.316,,
170,-513.3,-515.7,1.6,2.9,298.8,0.3,0.00,1.4,95.893,,
171,-515.1,-514.3,-0.2,2.9,298.9,0.3,0.00,1.3,96.470,,
172,-513.9,-514.1,1.1,2.9,298.7,0.3,0.00,0.2,97.016,,
173,-513.3,-514.1,1.6,2.9,299.1,0.3,0.00,1.1,97.578,,
174,-519.2,-515.4,-4.2,2.9,298.6,0.3,0.00,1.4,98.124,,
175,-516.7,-516.4,-1.8,2.9,299.0,0.3,0.00,1.4,98.701,,
176,-514.0,-516.6,0.9,2.8,298.7,0.3,0.00,-0.5,99.247,,
177,-514.0,-514.9,0.9,2.8,298.9,0.3,0.00,1.3,99.809,,
178,-514.5,-514.2,0.4,2.8,298.8,0.3,0.00,1.4,100.386,,
179,-520.4,-516.3,-5.4,2.8,299.0,0.3,0.00,1.4,100.963,,
180,-520.7,-518.5,-5.8,2.8,298.8,0.3,0.00,1.4,101.525,,
181,-514.7,-518.6,0.2,2.9,299.0,0.3,0.00,1.4,102.102,,
182,-513.2,-516.2,1.7,2.8,299.0,0.3,0.00,0.9,102.648,,
183,-518.0,-515.3,-3.1,2.8,298.7,0.3,0.00,1.3,103.209,,
184,-515.1,-515.4,-0.2,2.8,298.8,0.3,0.00,1.3,103.787,,
185,-521.4,-518.2,-6.5,2.8,299.0,0.3,0.00,1.3,104.364,,
186,-516.1,-517.5,-1.2,2.9,298.8,0.3,0.00,1.3,104.925,,
187,-515.2,-517.6,-0.3,2.8,298.7,0.3,0.00,0.8,105.471,,
188,-519.6,-517.0,-4.7,2.8,298.8,0.3,0.00,1.3,106.033,,
189,-513.1,-516.0,1.8,2.8,298.7,0.3,0.00,1.3,106.610,,
190,-512.8,-515.2,2.2,2.8,298.6,0.3,0.00,1.3,107.187,,
191,-514.3,-513.4,0.6,2.8,298.8,0.3,0.00,1.3,107.765,,
192,-515.9,-514.3,-1.0,2.8,298.7,0.3,0.00,1.4,108.326,,
193,-513.1,-514.4,1.8,2.8,298.6,0.3,0.00,1.4,108.903,,
194,-513.3,-514.1,1.6,2.8,298.7,0.3,0.00,1.4,109.481,,
195,-516.2,-514.2,-1.3,2.8,298.7,0.3,0.00,0.8,110.027,,
196,-519.3,-516.3,-4.4,2.8,298.8,0.3,0.00,1.2,110.588,,
197,-518.1,-517.9,-3.2,2.8,298.6,0.3,0.00,1.3,111.165,,
198,-512.3,-516.6,2.6,2.8,298.7,0.3,0.00,1.4,111.727,,
199,-512.5,-514.3,2.5,2.8,298.8,0.3,0.00,0.6,112.273,,
200,-518.8,-514.5,-3.9,2.8,298.7,0.3,0.00,1.2,112.835,,
201,-514.7,-515.3,0.2,2.8,298.7,0.3,0.00,1.3,113.412,,
202,-518.9,-517.5,-4.0,2.8,298.6,0.3,0.00,1.3,113.973,,
203,-515.7,-516.4,-0.8,2.8,298.6,0.3,0.00,1.4,114.551,,
204,-514.5,-516.4,0.4,2.8,298.8,0.3,0.00,1.3,115.128,,
205,-510.2,-513.5,4.8,2.8,298.7,0.3,0.00,1.4,115.705,,
206,-511.6,-512.1,3.3,2.8,298.8,0.3,0.00,1.3,116.282,,
207,-516.6,-512.8,-1.7,2.9,298.6,0.3,0.00,1.4,116.859,,
208,-518.8,-515.7,-3.9,2.9,298.8,0.3,0.00,1.4,117.437,,
209,-517.3,-517.6,-2.4,2.8,298.7,0.3,0.00,0.8,117.983,,
210,-516.2,-517.4,-1.3,2.8,298.6,0.3,0.00,1.2,118.544,,
211,-516.8,-516.8,-1.9,2.8,298.7,0.3,0.00,1.3,119.121,,
212,-514.0,-515.7,0.9,2.8,298.5,0.3,0.00,1.3,119.699,,
213,-511.7,-514.2,3.3,2.8,298.7,0.3,0.00,1.2,120.276,,
214,-508.4,-511.3,6.6,2.8,298.7,0.3,0.00,1.3,120.853,,
215,-520.4,-513.5,-5.5,2.9,298.7,0.3,0.00,1.4,121.415,,
216,-518.5,-515.7,-3.6,2.9,298.7,0.3,0.00,1.4,121.992,,
217,-524.3,-521.1,-9.4,2.9,298.4,0.3,0.00,1.4,122.569,,
218,-514.6,-519.1,0.3,2.9,298.5,0.3,0.00,1.3,123.146,,
219,-512.4,-517.1,2.5,2.9,298.8,0.3,0.00,-0.4,123.708,,
220,-515.7,-514.2,-0.8,2.9,298.5,0.3,0.00,1.1,124.269,,
221,-520.2,-516.1,-5.2,2.9,298.8,0.3,0.00,1.3,124.831,,
222,-512.9,-516.3,2.0,2.9,298.7,0.3,0.00,1.4,125.393,,
223,-520.3,-517.8,-5.4,2.9,298.7,0.3,0.00,1.3,125.970,,
224,-519.0,-517.4,-4.1,2.9,298.4,0.3,0.00,0.9,126.516,,
225,-517.4,-518.9,-2.4,2.9,298.6,0.4,0.00,1.3,127.077,,
226,-518.7,-518.4,-3.8,2.9,298.6,0.4,0.00,1.3,127.639,,
227,-511.2,-515.8,3.7,2.9,298.5,0.4,0.00,1.4,128.216,,
228,-513.9,-514.6,1.0,2.9,298.6,0.4,0.00,1.4,128.793,,
229,-517.0,-514.0,-2.1,2.9,298.5,0.4,0.00,1.4,129.371,,
230,-513.6,-514.8,1.3,2.9,298.6,0.4,0.00,1.3,129.948,,
231,-515.1,-515.2,-0.2,2.9,298.8,0.4,0.00,1.4,130.525,,
232,-518.2,-515.6,-3.3,2.9,298.7,0.4,0.00,1.0,131.071,,
233,-515.3,-516.2,-0.4,2.9,298.5,0.4,0.00,1.3,131.633,,
234,-515.5,-516.4,-0.6,2.9,298.6,0.4,0.00,1.3,132.194,,
235,-511.6,-514.2,3.3,2.9,298.4,0.4,0.00,1.4,132.756,,
236,-510.7,-512.6,4.2,2.9,298.6,0.4,0.00,0.7,133.317,,
237,-515.5,-512.6,-0.6,2.9,298.4,0.4,0.00,1.2,133.879,,
238,-515.0,-513.7,-0.1,2.9,298.4,0.4,0.00,1.3,134.456,,
239,-518.2,-516.2,-3.3,2.9,298.4,0.4,0.00,1.4,135.018,,
240,-517.8,-517.0,-2.9,2.9,298.5,0.4,0.00,1.3,135.595,,
241,-520.1,-518.7,-5.2,2.9,298.6,0.4,0.00,1.3,136.172,,
242,-515.7,-517.9,-0.8,2.9,298.6,0.4,0.00,1.4,136.749,,
243,-512.1,-516.0,2.8,2.9,298.6,0.4,0.00,1.4,137.327,,
244,-517.8,-515.2,-2.9,2.9,298.7,0.4,0.00,1.4,137.904,,
245,-518.3,-516.1,-3.4,2.9,298.7,0.4,0.00,1.4,138.465,,
246,-509.6,-515.2,5.4,2.9,298.6,0.4,0.00,0.9,139.027,,
247,-514.0,-514.0,0.9,2.9,298.5,0.4,0.00,1.3,139.589,,
248,-516.8,-513.5,-1.9,2.9,298.4,0.4,0.00,1.3,140.166,,
249,-517.3,-516.0,-2.4,2.9,298.3,0.4,0.00,1.4,140.727,,
250,-522.3,-518.8,-7.4,2.9,298.6,0.4,0.00,1.4,141.305,,
251,-518.2,-519.3,-3.3,2.9,298.4,0.4,0.00,1.3,141.882,,
252,-520.3,-520.3,-5.4,2.9,298.4,0.4,0.00,0.8,142.428,,
253,-512.5,-517.0,2.4,3.0,298.5,0.4,0.00,1.3,142.989,,
254,-515.0,-516.0,-0.1,3.0,298.4,0.4,0.00,1.3,143.567,,
255,-517.8,-515.1,-2.9,2.9,298.5,0.4,0.00,1.3,144.144,,
256,-516.8,-516.5,-1.9,2.9,298.2,0.4,0.00,1.3,144.721,,
257,-514.8,-516.5,0.1,2.9,298.3,0.4,0.00,1.4,145.283,,
258,-512.2,-514.6,2.7,2.9,298.5,0.4,0.00,1.4,145.860,,
259,-518.1,-515.0,-3.2,2.9,298.5,0.4,0.00,1.4,146.437,,
260,-515.1,-515.1,-0.1,2.9,298.5,0.4,0.00,1.4,147.014,,
261,-514.8,-516.0,0.2,2.9,298.5,0.4,0.00,1.5,147.591,,
262,-517.2,-515.7,-2.3,2.9,298.2,0.4,0.00,0.0,148.137,,
263,-516.9,-516.3,-2.0,2.9,298.4,0.4,0.00,1.0,148.715,,
264,-519.2,-517.8,-4.3,2.9,298.5,0.4,0.00,1.3,149.261,,
265,-513.6,-516.6,1.3,2.9,298.5,0.4,0.00,1.4,149.838,,
266,-518.2,-517.0,-3.2,2.9,298.3,0.4,0.00,1.3,150.415,,
267,-518.1,-516.6,-3.1,2.9,298.5,0.4,0.00,1.4,150.992,,
268,-508.8,-515.0,6.1,2.9,298.4,0.4,0.00,1.4,151.569,,
269,-516.5,-514.4,-1.6,2.9,298.5,0.4,0.00,-0.4,152.115,,
270,-514.3,-513.2,0.6,2.9,298.3,0.4,0.00,1.0,152.693,,
271,-513.9,-514.9,1.0,2.9,298.4,0.4,0.00,1.4,153.239,,
272,-513.3,-513.8,1.7,2.9,298.5,0.4,0.00,1.4,153.816,,
273,-518.0,-515.1,-3.1,2.9,298.2,0.4,0.00,1.4,154.377,,
274,-513.7,-515.0,1.2,2.9,298.4,0.4,0.00,0.9,154.939,,
275,-513.8,-515.2,1.1,2.9,298.5,0.4,0.00,1.3,155.485,,
276,-516.8,-514.8,-1.9,2.9,298.3,0.4,0.00,1.4,156.062,,
277,-510.5,-513.7,4.4,2.9,298.4,0.4,0.00,0.5,156.608,,
278,-516.9,-514.7,-2.0,2.9,298.5,0.4,0.00,1.2,157.170,,
279,-515.0,-514.2,-0.1,2.9,298.2,0.4,0.00,1.2,157.747,,
280,-516.0,-516.0,-1.0,2.9,298.3,0.4,0.00,1.4,158.309,,
281,-515.3,-515.4,-0.4,2.9,298.3,0.4,0.00,1.3,158.870,,
282,-514.7,-515.3,0.2,2.9,298.4,0.4,0.00,0.3,159.432,,
283,-515.3,-515.1,-0.4,2.9,298.5,0.4,0.00,1.1,159.993,,
284,-518.6,-516.2,-3.7,2.9,298.5,0.4,0.00,1.4,160.555,,
285,-519.1,-517.7,-4.1,2.9,298.2,0.4,0.00,1.3,161.132,,
286,-514.0,-517.2,0.9,2.9,298.1,0.4,0.00,1.4,161.694,,
287,-512.4,-515.2,2.5,2.9,298.2,0.4,0.00,-0.2,162.240,,
288,-514.9,-513.8,0.0,2.9,298.4,0.4,0.00,1.0,162.817,,
289,-517.0,-514.8,-2.1,2.9,298.2,0.4,0.00,1.3,163.363,,
290,-518.6,-516.8,-3.6,2.9,298.4,0.4,0.00,1.3,163.925,,
291,-517.4,-517.6,-2.5,2.9,298.3,0.4,0.00,1.3,164.471,,
292,-517.3,-517.8,-2.4,2.9,298.2,0.4,0.00,1.3,165.048,,
293,-515.0,-516.6,0.0,2.9,298.1,0.4,0.00,1.3,165.625,,
294,-518.0,-516.8,-3.1,2.9,298.1,0.4,0.00,1.4,166.187,,
295,-513.9,-515.6,1.0,2.9,298.3,0.4,0.00,1.3,166.764,,
296,-512.0,-514.6,2.9,2.9,298.3,0.4,0.00,1.4,167.341,,
297,-514.0,-513.3,0.9,2.9,298.2,0.4,0.00,0.8,167.887,,
298,-517.4,-514.5,-2.5,2.9,298.3,0.4,0.00,1.3,168.449,,
299,-511.7,-514.4,3.2,2.9,298.3,0.4,0.00,1.4,169.010,,
300,-517.3,-515.5,-2.3,2.9,298.4,0.4,0.00,0.3,169.556,,
301,-518.5,-515.8,-3.6,2.9,298.2,0.4,0.00,1.2,170.118,,
302,-515.4,-517.1,-0.4,2.9,298.2,0.4,0.00,1.2,170.695,,
303,-514.5,-516.1,0.4,2.9,298.2,0.4,0.00,1.2,171.272,,
304,-521.2,-517.0,-6.3,2.9,298.5,0.4,0.00,1.4,171.834,,
305,-515.3,-517.0,-0.4,2.9,298.2,0.4,0.00,0.2,172.380,,
306,-517.2,-517.9,-2.3,2.9,298.1,0.4,0.00,0.0,172.957,,
307,-520.3,-517.6,-5.4,2.9,298.2,0.5,0.00,0.2,173.534,,
308,-513.6,-517.1,1.3,2.9,298.1,0.5,0.00,0.5,174.111,,
309,-521.4,-518.4,-6.5,2.9,298.1,0.5,0.00,0.4,174.689,,
310,-514.5,-516.5,0.4,2.9,298.3,0.5,0.00,1.2,175.250,,
311,-521.8,-519.2,-6.9,2.9,298.3,0.5,0.00,1.2,175.827,,
312,-512.4,-516.2,2.5,2.9,298.3,0.5,0.00,1.3,176.405,,
313,-512.4,-515.5,2.5,2.9,298.4,0.5,0.00,1.3,176.982,,
314,-514.2,-513.0,0.7,2.9,298.2,0.5,0.00,1.3,177.559,,
315,-514.4,-513.7,0.5,2.9,298.3,0.5,0.00,1.3,178.136,,
316,-516.8,-515.1,-1.9,2.9,298.2,0.5,0.00,1.4,178.713,,
317,-515.2,-515.5,-0.3,2.9,298.2,0.5,0.00,1.4,179.275,,
318,-516.1,-516.1,-1.2,2.9,297.9,0.5,0.00,1.4,179.852,,
319,-515.1,-515.5,-0.2,2.9,298.2,0.5,0.00,1.4,180.429,,
320,-514.8,-515.3,0.1,2.9,298.3,0.5,0.00,1.4,181.007,,
321,-513.2,-514.4,1.7,2.9,298.2,0.5,0.00,-0.5,181.568,,
322,-512.3,-513.4,2.6,2.9,298.3,0.5,0.00,0.9,182.130,,
323,-516.4,-514.0,-1.5,2.9,298.2,0.5,0.00,1.0,182.707,,
324,-519.9,-516.2,-5.0,2.9,298.2,0.5,0.00,1.0,183.284,,
325,-513.7,-516.7,1.2,2.9,298.2,0.5,0.00,1.1,183.861,,
326,-518.0,-517.2,-3.1,2.9,298.1,0.5,0.00,1.2,184.439,,
327,-514.9,-515.5,0.0,2.9,298.0,0.5,0.00,1.3,185.000,,
328,-514.2,-515.7,0.7,2.9,298.1,0.5,0.00,1.3,185.577,,
329,-517.4,-515.5,-2.4,2.9,298.0,0.5,0.00,1.3,186.155,,
330,-514.6,-515.4,0.3,2.9,298.3,0.5,0.00,1.4,186.732,,
331,-514.7,-515.5,0.2,2.9,298.2,0.5,0.00,1.4,187.309,,
332,-513.3,-514.2,1.6,2.9,298.1,0.5,0.00,1.3,187.886,,
333,-514.6,-514.2,0.3,2.9,298.0,0.5,0.00,0.4,188.432,,
334,-513.6,-513.9,1.3,2.9,298.1,0.5,0.00,1.2,188.994,,
335,-509.8,-512.7,5.1,2.8,298.3,0.5,0.00,1.2,189.571,,
336,-512.3,-511.9,2.7,2.9,298.3,0.5,0.00,1.2,190.148,,
337,-518.7,-513.6,-3.8,2.9,298.2,0.5,0.00,1.2,190.725,,
338,-520.4,-517.1,-5.5,2.9,298.1,0.5,0.00,1.3,191.303,,
339,-522.2,-520.4,-7.3,2.9,298.2,0.5,0.00,1.3,191.880,,
340,-516.4,-519.7,-1.5,2.9,298.1,0.5,0.00,1.3,192.457,,
341,-515.9,-518.1,-0.9,2.9,298.2,0.5,0.00,1.3,193.034,,
342,-514.7,-515.7,0.2,2.9,298.1,0.5,0.00,1.4,193.596,,
343,-522.4,-517.7,-7.5,2.9,298.2,0.5,0.00,1.4,194.173,,
344,-515.0,-517.4,-0.1,2.9,298.2,0.5,0.00,1.4,194.750,,
345,-513.0,-516.8,1.9,2.9,298.2,0.5,0.00,1.4,195.327,,
346,-518.2,-515.4,-3.3,2.9,298.2,0.5,0.00,1.4,195.905,,
347,-515.9,-515.7,-1.0,2.9,298.1,0.5,0.00,1.3,196.497,,
348,-513.6,-515.9,1.3,2.9,298.2,0.5,0.00,1.4,197.075,,
349,-518.0,-515.8,-3.1,2.9,298.3,0.5,0.00,1.3,197.652,,
350,-514.7,-515.4,0.2,2.9,298.1,0.5,0.00,1.4,198.213,,
351,-517.1,-516.6,-2.2,2.9,297.9,0.5,0.00,0.4,198.775,,
352,-521.5,-517.8,-6.6,2.9,298.0,0.5,0.00,0.6,199.352,,
353,-516.2,-518.3,-1.3,2.9,298.0,0.5,0.00,1.2,199.914,,
354,-518.1,-518.6,-3.1,2.9,298.1,0.5,0.00,1.2,200.491,,
355,-517.9,-517.4,-3.0,2.9,298.1,0.5,0.00,1.2,201.068,,
356,-518.5,-518.2,-3.6,2.9,298.3,0.5,0.00,1.2,201.645,,
357,-512.7,-516.4,2.2,2.9,298.0,0.5,0.00,1.2,202.223,,
358,-518.9,-516.7,-4.0,2.9,297.9,0.5,0.00,1.3,202.800,,
359,-520.4,-517.4,-5.5,2.9,298.2,0.5,0.00,1.3,203.377,,
360,-516.3,-518.5,-1.4,2.9,297.8,0.5,0.00,1.3,203.939,,
361,-517.3,-518.0,-2.4,2.9,297.9,0.5,0.00,1.4,204.516,,
362,-522.3,-518.7,-7.4,2.9,298.0,0.5,0.00,1.4,205.093,,
363,-516.2,-518.6,-1.3,2.9,297.8,0.5,0.00,1.3,205.670,,
364,-522.3,-520.3,-7.4,2.9,298.0,0.5,0.00,-0.5,206.216,,
365,-516.2,-518.2,-1.3,2.9,298.0,0.5,0.00,1.3,206.778,,
366,-511.4,-516.6,3.6,2.9,298.0,0.5,0.00,1.4,207.339,,
367,-511.5,-513.0,3.4,2.9,298.2,0.5,0.00,1.3,207.917,,
368,-516.5,-513.1,-1.6,2.9,298.2,0.5,0.00,1.4,208.494,,
369,-518.9,-515.7,-4.0,2.9,297.9,0.5,0.00,1.4,209.071,,
370,-521.8,-519.1,-6.9,2.9,298.0,0.5,0.00,1.3,209.648,,
371,-521.1,-520.6,-6.1,2.9,298.0,0.5,0.00,1.3,210.225,,
372,-513.4,-518.8,1.5,2.9,298.0,0.5,0.00,1.3,210.818,,
373,-513.5,-516.0,1.4,2.9,298.1,0.5,0.00,1.4,211.458,,
374,-515.8,-514.2,-0.9,2.9,298.2,0.5,0.00,1.4,212.035,,
375,-519.8,-516.4,-4.9,2.9,297.8,0.5,0.00,1.3,212.612,,
376,-518.4,-518.0,-3.5,2.9,298.2,0.5,0.00,1.4,213.189,,
377,-515.2,-517.8,-0.3,2.9,298.1,0.5,0.00,-0.3,213.751,,
378,-517.1,-516.9,-2.2,2.9,298.0,0.5,0.00,1.1,214.313,,
379,-517.0,-516.4,-2.1,2.9,297.8,0.5,0.00,1.1,214.890,,
380,-513.4,-515.8,1.6,2.9,297.8,0.5,0.00,1.1,215.467,,
381,-516.6,-515.6,-1.7,2.9,298.0,0.5,0.00,1.1,216.044,,
382,-514.7,-514.9,0.2,2.9,298.2,0.5,0.00,1.1,216.621,,
383,-515.5,-515.6,-0.6,2.9,297.9,0.5,0.00,1.2,217.199,,
384,-513.9,-514.7,1.0,2.9,298.0,0.5,0.00,1.2,217.776,,
385,-512.2,-513.8,2.8,2.9,298.1,0.5,0.00,1.2,218.353,,
386,-517.7,-514.6,-2.7,2.9,298.0,0.5,0.00,1.3,218.930,,
387,-519.8,-516.5,-4.9,2.9,298.0,0.5,0.00,1.2,219.507,,
388,-511.6,-516.3,3.3,2.9,298.0,0.5,0.00,1.3,220.085,,
389,-519.9,-517.1,-5.0,2.9,298.0,0.5,0.00,1.4,220.646,,
390,-513.9,-515.1,1.0,2.9,297.8,0.5,0.00,1.4,221.208,,
391,-517.9,-517.3,-3.0,2.9,297.9,0.5,0.00,1.4,221.801,,
392,-513.0,-515.0,1.9,2.9,297.9,0.5,0.00,1.4,222.378,,
393,-515.2,-515.4,-0.3,2.9,298.1,0.5,0.00,1.3,222.955,,
394,-512.5,-513.6,2.5,2.9,297.9,0.5,0.00,1.3,223.548,,
395,-516.2,-514.6,-1.3,2.9,297.8,0.5,0.00,1.2,224.141,,
396,-517.2,-515.3,-2.3,2.9,297.8,0.5,0.00,1.2,224.718,,
397,-519.6,-517.7,-4.7,2.9,297.8,0.5,0.00,1.3,225.279,,
398,-515.3,-517.4,-0.4,2.9,298.1,0.5,0.00,1.4,225.857,,
399,-512.7,-515.9,2.2,2.9,297.9,0.5,0.00,1.3,226.449,,
400,-519.1,-515.7,-4.2,2.9,297.8,0.5,0.00,1.2,227.027,,
401,-517.0,-516.3,-2.0,2.9,298.0,0.5,0.00,1.3,227.588,,
402,-511.2,-515.8,3.7,2.9,297.7,0.5,0.00,1.4,228.165,,
403,-513.3,-513.8,1.6,2.9,297.7,0.5,0.00,1.4,228.743,,
404,-512.3,-512.3,2.6,2.9,298.0,0.6,0.00,1.4,229.320,,
405,-514.7,-513.4,0.3,2.9,297.8,0.6,0.00,1.3,229.913,,
406,-515.2,-514.0,-0.3,2.9,298.0,0.6,0.00,1.4,230.490,,
407,-521.0,-516.9,-6.1,2.9,297.7,0.6,0.00,1.3,231.067,,
408,-511.0,-515.7,3.9,2.9,298.0,0.6,0.00,1.3,231.660,,
409,-515.2,-515.7,-0.3,2.9,297.7,0.6,0.00,1.3,232.221,,
410,-514.5,-513.6,0.4,2.9,298.1,0.6,0.00,1.4,232.814,,
411,-515.2,-515.0,-0.3,2.9,298.0,0.6,0.00,1.3,233.376,,
412,-517.0,-515.6,-2.1,2.9,298.0,0.6,0.00,1.4,233.953,,
413,-519.9,-517.4,-5.0,2.9,298.0,0.6,0.00,1.3,234.530,,
414,-513.6,-516.8,1.4,2.9,297.9,0.6,0.00,1.3,235.107,,
415,-510.4,-514.6,4.5,2.9,297.9,0.6,0.00,1.3,235.685,,
416,-516.2,-513.4,-1.3,2.9,297.7,0.6,0.00,1.4,236.262,,
417,-516.0,-514.2,-1.0,2.9,297.8,0.6,0.00,1.3,236.855,,
418,-522.4,-518.2,-7.5,2.9,297.9,0.6,0.00,1.2,237.447,,
419,-520.7,-519.7,-5.8,2.9,298.3,0.6,0.00,1.2,238.025,,
420,-515.9,-519.7,-1.0,2.9,297.7,0.6,0.00,1.3,238.602,,
421,-516.1,-517.6,-1.2,2.9,297.7,0.6,0.00,1.3,239.179,,
422,-516.1,-516.0,-1.2,2.9,297.6,0.6,0.00,1.3,239.756,,
423,-512.6,-514.9,2.4,2.9,297.7,0.6,0.00,1.3,240.333,,
424,-511.7,-513.5,3.2,2.9,297.9,0.6,0.00,1.3,240.895,,
425,-517.7,-514.0,-2.8,2.9,297.7,0.6,0.00,1.4,241.472,,
426,-512.1,-513.8,2.8,2.9,298.0,0.6,0.00,1.4,242.049,,
427,-514.5,-514.8,0.4,2.9,297.9,0.6,0.00,1.4,242.627,,
428,-517.4,-514.7,-2.5,2.9,297.7,0.6,0.00,1.3,243.219,,
429,-518.3,-516.7,-3.4,2.9,297.7,0.6,0.00,1.3,243.797,,
430,-514.9,-516.9,0.0,2.9,297.7,0.6,0.00,1.3,244.358,,
431,-518.6,-517.3,-3.7,2.9,297.8,0.6,0.00,1.4,244.951,,
432,-514.6,-516.0,0.3,2.9,297.7,0.6,0.00,1.3,245.528,,
433,-516.3,-516.5,-1.3,2.9,297.6,0.6,0.00,1.3,246.121,,
434,-513.8,-514.9,1.1,2.9,297.9,0.6,0.00,1.3,246.698,,
435,-514.7,-514.9,0.3,2.9,297.8,0.6,0.00,1.3,247.260,,
436,-514.4,-514.3,0.5,2.9,297.8,0.6,0.00,1.4,247.837,,
437,-515.8,-514.9,-0.8,2.9,297.8,0.6,0.00,1.3,248.414,,
438,-516.4,-515.5,-1.5,2.9,297.7,0.6,0.00,1.3,248.991,,
439,-517.5,-516.5,-2.6,2.9,297.7,0.6,0.00,1.3,249.584,,
440,-524.1,-519.3,-9.2,2.9,297.7,0.6,0.00,1.4,250.161,,
441,-518.4,-520.0,-3.4,2.9,297.8,0.6,0.00,1.2,250.754,,
442,-514.8,-519.1,0.1,2.9,297.6,0.6,0.00,1.2,251.331,,
443,-515.5,-516.2,-0.6,2.9,297.6,0.6,0.00,1.2,251.909,,
444,-519.8,-516.7,-4.9,2.9,297.7,0.6,0.00,1.4,252.470,,
445,-513.3,-516.2,1.6,2.9,297.7,0.6,0.00,1.4,253.047,,
446,-520.4,-517.8,-5.5,2.9,297.5,0.6,0.00,1.3,253.640,,
447,-516.3,-516.7,-1.4,2.9,297.8,0.6,0.00,1.3,254.202,,
448,-513.2,-516.6,1.7,2.9,297.8,0.6,0.00,1.4,254.779,,
449,-514.9,-514.8,0.0,2.9,297.6,0.6,0.00,1.4,255.356,,
450,-516.0,-514.7,-1.1,2.9,297.9,0.6,0.00,1.3,255.949,,
451,-515.8,-515.6,-0.9,2.9,297.9,0.6,0.00,1.3,256.526,,
452,-517.6,-516.5,-2.7,2.9,297.9,0.6,0.00,1.3,257.119,,
453,-515.9,-516.4,-1.0,2.9,297.7,0.6,0.00,1.2,257.696,,
454,-517.2,-516.9,-2.3,2.9,297.7,0.6,0.00,1.3,258.273,,
455,-515.4,-516.2,-0.5,2.9,297.7,0.6,0.00,1.3,258.851,,
456,-512.5,-515.0,2.4,2.9,297.6,0.6,0.00,1.3,259.428,,
457,-517.7,-515.2,-2.8,2.9,297.5,0.6,0.00,1.3,259.989,,
458,-514.9,-515.0,0.0,2.9,297.7,0.6,0.00,1.3,260.567,,
459,-517.1,-516.6,-2.1,2.9,297.8,0.6,0.00,1.3,261.144,,
460,-514.5,-515.5,0.4,2.9,297.9,0.6,0.00,1.4,261.721,,
461,-510.1,-513.9,4.8,2.9,297.6,0.6,0.00,1.3,262.298,,
462,-515.9,-513.5,-0.9,2.9,297.6,0.6,0.00,1.3,262.891,,
463,-516.8,-514.3,-1.9,2.9,297.6,0.6,0.00,1.3,263.468,,
464,-517.4,-516.7,-2.5,2.9,297.7,0.6,0.00,1.3,264.061,,
465,-517.1,-517.1,-2.2,2.9,297.6,0.6,0.00,1.2,264.638,,
466,-509.9,-514.8,5.1,2.9,297.9,0.6,0.00,1.3,265.215,,
467,-515.9,-514.3,-1.0,2.9,297.9,0.6,0.00,1.3,265.793,,
468,-517.6,-514.5,-2.7,2.9,297.6,0.6,0.00,1.4,266.354,,
469,-517.9,-517.1,-3.0,2.9,297.4,0.6,0.00,-0.7,266.900,,
470,-515.7,-517.1,-0.8,2.9,297.8,0.6,0.00,0.9,267.477,,
471,-517.4,-517.0,-2.4,2.9,297.6,0.6,0.00,1.3,268.039,,
472,-514.2,-515.8,0.7,2.9,297.3,0.6,0.00,1.2,268.616,,
473,-518.9,-516.8,-4.0,2.9,297.6,0.6,0.00,1.2,269.193,,
474,-515.1,-516.1,-0.2,2.9,297.6,0.6,0.00,1.4,269.755,,
475,-515.1,-516.4,-0.2,2.9,297.8,0.6,0.00,1.4,270.332,,
476,-517.6,-515.9,-2.7,2.9,297.8,0.6,0.00,1.3,270.909,,
477,-519.0,-517.2,-4.1,2.9,297.6,0.6,0.00,1.3,271.487,,
478,-520.3,-519.0,-5.4,2.9,297.5,0.6,0.00,1.4,272.064,,
479,-515.2,-518.2,-0.3,2.9,297.6,0.6,0.00,1.3,272.657,,
480,-516.0,-517.2,-1.1,2.9,297.8,0.6,0.00,1.3,273.218,,
481,-513.3,-514.8,1.6,2.9,297.3,0.6,0.00,1.4,273.811,,
482,-519.8,-516.4,-4.9,2.9,297.6,0.6,0.00,1.3,274.404,,
483,-521.9,-518.3,-7.0,2.9,297.5,0.6,0.00,1.2,274.981,,
484,-519.1,-520.3,-4.2,2.9,297.7,0.6,0.00,1.3,275.558,,
485,-521.0,-520.7,-6.1,2.9,297.7,0.6,0.00,1.3,276.135,,
486,-514.9,-518.3,0.1,2.9,297.4,0.6,0.00,1.4,276.697,,
487,-517.0,-517.6,-2.1,2.9,297.6,0.6,0.00,1.3,277.274,,
488,-516.3,-516.1,-1.4,2.9,297.6,0.6,0.00,1.3,277.851,,
489,-513.9,-515.7,1.0,2.9,297.5,0.6,0.00,1.3,278.429,,
490,-514.0,-514.7,0.9,2.9,297.5,0.6,0.00,1.4,279.006,,
491,-528.8,-518.9,-13.9,2.9,297.6,0.6,0.00,1.3,279.599,,
492,-523.0,-521.9,-8.0,2.9,297.6,0.6,0.00,1.3,280.191,,
493,-514.0,-521.9,1.0,2.9,297.5,0.6,0.00,1.3,280.753,,
494,-509.0,-515.3,5.9,2.9,297.7,0.6,0.00,1.3,281.346,,
495,-518.4,-513.8,-3.5,2.9,297.6,0.6,0.00,1.3,281.923,,
496,-514.0,-513.8,0.9,2.9,297.6,0.6,0.00,1.3,282.500,,
497,-513.1,-515.2,1.8,2.9,297.5,0.6,0.00,1.2,283.062,,
498,-519.6,-515.6,-4.7,2.9,297.5,0.6,0.00,1.4,283.639,,
499,-520.0,-517.6,-5.1,2.9,297.7,0.6,0.00,1.4,284.216,,
500,-514.4,-518.0,0.5,2.9,297.5,0.6,0.00,1.3,284.793,,
501,-513.5,-516.0,1.4,2.9,297.6,0.6,0.00,1.3,285.371,,
502,-520.9,-516.3,-5.9,2.9,297.5,0.6,0.00,1.4,285.963,,
503,-514.7,-516.4,0.2,3.0,297.5,0.6,0.00,1.3,286.541,,
504,-524.0,-519.9,-9.1,2.9,297.8,0.6,0.00,1.3,287.133,,
505,-515.4,-518.0,-0.5,3.0,297.6,0.6,0.00,1.3,287.711,,
506,-505.3,-514.9,9.6,3.0,297.5,0.6,0.00,1.4,288.272,,
507,-517.0,-512.5,-2.0,3.0,297.5,0.6,0.00,1.3,288.865,,
508,-512.1,-511.4,2.8,3.0,297.5,0.7,0.00,1.3,289.427,,
509,-516.6,-515.2,-1.7,3.0,297.4,0.7,0.00,1.4,290.004,,
510,-513.1,-513.9,1.8,3.0,297.7,0.7,0.00,1.4,290.581,,
511,-516.6,-515.4,-1.7,3.0,297.6,0.7,0.00,1.3,291.158,,
512,-512.2,-514.0,2.7,3.0,297.5,0.7,0.00,1.3,291.735,,
513,-517.2,-515.3,-2.3,3.0,297.5,0.7,0.00,1.3,292.313,,
514,-512.9,-514.1,2.0,3.0,297.5,0.7,0.00,-0.2,292.874,,
515,-512.8,-514.3,2.1,3.0,297.4,0.7,0.00,0.2,293.451,,
516,-518.3,-514.6,-3.4,3.0,297.8,0.7,0.00,0.2,294.029,,
517,-515.9,-515.6,-1.0,3.0,297.3,0.7,0.00,0.4,294.606,,
518,-514.0,-516.1,0.9,3.0,297.4,0.7,0.00,0.6,295.183,,
519,-513.1,-514.3,1.8,3.0,297.4,0.7,0.00,0.7,295.760,,
520,-511.3,-512.8,3.7,3.0,297.3,0.7,0.00,0.8,296.337,,
521,-514.8,-513.0,0.1,3.0,297.5,0.7,0.00,0.8,296.915,,
522,-513.4,-513.2,1.5,3.0,297.6,0.7,0.00,1.3,297.476,,
523,-517.4,-515.2,-2.5,3.0,297.4,0.7,0.00,1.3,298.053,,
524,-516.5,-515.8,-1.6,3.0,297.4,0.7,0.00,1.3,298.631,,
525,-511.5,-515.1,3.4,3.0,297.4,0.7,0.00,1.3,299.208,,
526,-510.5,-512.8,4.4,3.0,297.6,0.7,0.00,1.3,299.785,,
527,-515.1,-512.4,-0.2,3.0,297.5,0.7,0.00,1.3,300.347,,
528,-518.3,-514.6,-3.4,3.0,297.2,0.7,0.00,1.4,300.924,,
529,-516.7,-516.7,-1.8,3.0,297.7,0.7,0.00,1.4,301.501,,
530,-512.5,-515.8,2.4,3.0,297.4,0.7,0.00,1.3,302.078,,
531,-517.8,-515.7,-2.9,3.0,297.5,0.7,0.00,1.3,302.655,,
532,-513.4,-514.6,1.5,3.0,297.5,0.7,0.00,1.4,303.248,,
533,-512.8,-514.7,2.1,3.0,297.4,0.7,0.00,1.2,303.841,,
534,-511.2,-512.4,3.8,3.0,297.5,0.7,0.00,1.4,304.403,,
535,-518.0,-514.0,-3.1,3.0,297.4,0.7,0.00,1.3,304.995,,
536,-516.2,-515.1,-1.2,3.0,297.4,0.7,0.00,1.3,305.573,,
537,-517.7,-517.3,-2.8,3.0,297.5,0.7,0.00,1.3,306.150,,
538,-519.8,-517.9,-4.9,3.0,297.4,0.7,0.00,1.4,306.711,,
539,-515.2,-517.6,-0.3,3.0,297.7,0.7,0.00,1.3,307.289,,
540,-511.9,-515.6,3.0,3.0,297.3,0.7,0.00,1.3,307.866,,
541,-516.0,-514.4,-1.1,3.0,297.3,0.7,0.00,1.3,308.443,,
542,-513.7,-513.9,1.2,3.0,297.5,0.7,0.00,1.3,309.020,,
543,-514.9,-514.9,0.0,3.0,297.5,0.7,0.00,1.4,309.613,,
544,-515.4,-514.7,-0.5,3.0,297.5,0.7,0.00,1.3,310.206,,
545,-514.8,-515.0,0.1,3.0,297.6,0.7,0.00,1.3,310.783,,
546,-517.6,-515.9,-2.7,3.0,297.3,0.7,0.00,1.2,311.360,,
547,-513.9,-515.4,1.1,3.0,297.2,0.7,0.00,1.3,311.937,,
548,-518.4,-516.6,-3.5,3.0,297.4,0.7,0.00,1.3,312.499,,
549,-509.1,-513.8,5.8,3.0,297.3,0.7,0.00,1.4,313.076,,
550,-515.4,-514.3,-0.5,3.0,297.5,0.7,0.00,1.3,313.653,,
551,-516.4,-513.6,-1.4,3.0,297.3,0.7,0.00,1.3,314.231,,
552,-517.9,-516.5,-2.9,3.0,297.3,0.7,0.00,1.3,314.808,,
553,-516.6,-516.9,-1.6,3.0,297.3,0.7,0.00,-0.5,315.354,,
554,-518.0,-517.5,-3.1,3.0,297.4,0.7,0.00,1.0,315.931,,
555,-520.9,-518.5,-5.9,3.0,297.5,0.7,0.00,1.3,316.493,,
556,-516.8,-518.6,-1.9,3.0,297.3,0.7,0.00,1.3,317.070,,
557,-512.9,-516.8,2.1,3.0,297.5,0.7,0.00,1.3,317.631,,
558,-515.0,-514.9,-0.1,3.0,297.3,0.7,0.00,1.3,318.209,,
559,-518.7,-515.5,-3.8,3.0,297.3,0.7,0.00,1.4,318.786,,
560,-518.5,-517.4,-3.5,3.0,297.4,0.7,0.00,1.4,319.363,,
561,-514.8,-517.3,0.1,3.0,297.3,0.7,0.00,1.4,319.956,,
562,-521.3,-518.2,-6.4,3.0,297.4,0.7,0.00,1.2,320.549,,
563,-514.6,-516.9,0.3,3.0,297.3,0.7,0.00,1.2,321.126,,
564,-513.0,-516.3,1.9,3.0,297.3,0.7,0.00,1.2,321.703,,
565,-520.2,-515.9,-5.3,3.0,297.1,0.7,0.00,1.3,322.280,,
566,-514.8,-516.0,0.1,3.0,297.5,0.7,0.00,1.3,322.857,,
567,-512.8,-515.9,2.1,3.0,297.4,0.7,0.00,1.3,323.419,,
568,-518.5,-515.3,-3.5,3.0,297.4,0.7,0.00,1.4,323.996,,
569,-522.4,-517.9,-7.4,3.0,297.4,0.7,0.00,1.4,324.573,,
570,-515.7,-518.8,-0.8,3.0,297.5,0.7,0.00,1.3,325.151,,
571,-515.0,-517.7,-0.1,3.0,297.5,0.7,0.00,1.3,325.728,,
572,-515.5,-515.4,-0.6,3.0,297.3,0.7,0.00,1.4,326.321,,
573,-510.9,-513.8,4.0,3.0,297.2,0.7,0.00,1.3,326.898,,
574,-514.4,-513.6,0.5,3.0,297.2,0.7,0.00,1.3,327.475,,
575,-520.8,-515.4,-5.9,3.0,297.5,0.7,0.00,1.3,328.068,,
576,-517.9,-517.7,-3.0,3.0,297.3,0.7,0.00,1.3,328.645,,
577,-518.3,-519.0,-3.3,3.0,297.4,0.7,0.00,1.2,329.222,,
578,-514.2,-516.8,0.7,3.0,297.2,0.7,0.00,1.3,329.784,,
579,-518.5,-517.0,-3.6,3.0,297.2,0.7,0.00,1.3,330.361,,
580,-514.3,-515.7,0.6,3.0,297.3,0.7,0.00,1.3,330.938,,
581,-516.2,-516.3,-1.2,3.0,297.3,0.7,0.00,1.3,331.515,,
582,-514.7,-515.1,0.2,3.0,297.3,0.7,0.00,1.3,332.093,,
583,-513.7,-514.9,1.2,3.0,297.3,0.7,0.00,1.3,332.685,,
584,-518.3,-515.6,-3.4,3.0,297.2,0.7,0.00,1.4,333.263,,
585,-518.1,-516.7,-3.2,3.0,297.2,0.7,0.00,1.3,333.855,,
586,-513.3,-516.6,1.6,3.0,297.2,0.7,0.00,1.2,334.433,,
587,-518.1,-516.5,-3.2,3.0,297.3,0.7,0.00,1.3,334.994,,
588,-518.7,-516.7,-3.8,3.0,297.3,0.7,0.00,1.4,335.587,,
589,-518.1,-518.3,-3.2,3.0,297.0,0.7,0.00,1.4,336.149,,
590,-514.4,-517.1,0.5,3.0,297.2,0.7,0.00,1.3,336.726,,
591,-516.4,-516.3,-1.5,3.0,297.3,0.7,0.00,1.4,337.303,,
592,-520.0,-516.9,-5.1,3.0,297.2,0.7,0.00,1.3,337.880,,
593,-514.8,-517.1,0.1,3.0,297.3,0.7,0.00,1.3,338.457,,
594,-516.6,-517.1,-1.7,3.0,297.1,0.7,0.00,1.3,339.050,,
595,-517.0,-516.1,-2.1,3.0,297.4,0.7,0.00,1.3,339.627,,
596,-513.2,-515.6,1.7,3.0,297.5,0.7,0.00,1.3,340.220,,
597,-513.8,-514.7,1.1,3.0,297.3,0.7,0.00,1.3,340.797,,
598,-516.4,-514.5,-1.5,3.0,296.9,0.7,0.00,1.0,341.390,,
599,-514.2,-514.8,0.7,3.0,297.2,0.7,0.00,1.0,341.967,,
600,-514.8,-515.2,0.1,2.9,297.3,0.7,0.00,1.0,342.545,,
601,-510.3,-513.1,4.6,2.9,297.2,0.7,0.00,1.1,343.122,,
602,-517.9,-514.3,-3.0,3.0,297.3,0.7,0.00,1.1,343.699,,
603,-510.8,-513.0,4.1,3.0,297.1,0.7,0.00,1.1,344.276,,
604,-512.0,-513.6,2.9,3.0,297.1,0.7,0.00,1.2,344.853,,
605,-515.0,-512.6,-0.1,3.0,297.2,0.7,0.00,1.2,345.431,,
606,-518.0,-515.0,-3.1,3.0,297.2,0.7,0.00,1.2,346.008,,
607,-512.3,-515.1,2.6,3.0,297.1,0.7,0.00,1.3,346.569,,
608,-511.1,-513.8,3.8,3.0,297.0,0.7,0.00,1.3,347.147,,
609,-513.6,-512.3,1.3,3.0,297.2,0.7,0.00,1.3,347.724,,
610,-515.5,-513.4,-0.6,3.0,297.0,0.7,0.00,1.4,348.301,,
611,-516.4,-515.2,-1.5,3.0,297.1,0.7,0.00,1.4,348.878,,
612,-518.0,-516.6,-3.1,3.0,297.2,0.7,0.00,1.3,349.455,,
613,-511.4,-515.3,3.5,3.0,297.2,0.7,0.00,1.4,350.033,,
614,-513.0,-514.2,1.9,3.0,297.1,0.7,0.00,1.3,350.610,,
615,-515.8,-513.4,-0.9,3.0,297.0,0.7,0.00,1.4,351.187,,
616,-516.9,-515.2,-2.0,3.0,297.4,0.7,0.00,1.3,351.780,,
617,-514.4,-515.7,0.5,3.0,297.1,0.7,0.00,1.4,352.357,,
618,-514.8,-515.4,0.1,3.0,297.0,0.7,0.00,1.4,352.934,,
619,-515.8,-515.0,-0.8,3.0,297.3,0.7,0.00,1.3,353.527,,
620,-520.7,-517.1,-5.8,2.9,297.3,0.7,0.00,1.3,354.104,,
621,-517.0,-517.8,-2.1,3.0,297.1,0.7,0.00,0.9,354.697,,
622,-514.4,-517.4,0.5,2.9,297.1,0.7,0.00,1.3,355.259,,
623,-516.1,-515.8,-1.1,2.9,297.0,0.8,0.00,1.2,355.851,,
624,-512.9,-514.5,2.0,2.9,297.1,0.8,0.00,0.3,356.444,,
625,-517.9,-515.6,-2.9,2.9,296.9,0.8,0.00,0.5,357.021,,
626,-513.8,-514.9,1.1,2.9,297.1,0.8,0.00,0.5,357.599,,
627,-517.1,-516.3,-2.2,2.9,297.2,0.8,0.00,0.7,358.176,,
628,-515.7,-515.5,-0.8,2.9,296.9,0.8,0.00,0.8,358.753,,
629,-518.4,-517.1,-3.5,2.9,297.3,0.8,0.00,0.9,359.330,,
630,-514.1,-516.1,0.8,2.9,297.0,0.8,0.00,0.9,359.907,,
631,-511.8,-514.8,3.1,2.9,297.1,0.8,0.00,1.1,360.485,,
632,-515.4,-513.8,-0.5,2.9,297.0,0.8,0.00,1.0,361.062,,
633,-516.5,-514.6,-1.6,2.9,297.0,0.8,0.00,1.0,361.639,,
634,-512.7,-514.9,2.2,2.9,297.2,0.8,0.00,1.1,362.216,,
635,-514.5,-514.6,0.4,2.9,297.0,0.8,0.00,0.2,362.809,,
636,-518.1,-515.1,-3.2,2.9,297.0,0.8,0.00,1.2,363.371,,
637,-521.6,-518.1,-6.7,2.9,297.1,0.8,0.00,1.2,363.948,,
638,-520.2,-520.0,-5.3,2.9,297.0,0.8,0.00,0.5,364.541,,
639,-511.0,-517.6,3.9,2.9,297.3,0.8,0.00,0.8,365.118,,
640,-512.1,-514.4,2.8,2.9,297.1,0.8,0.00,0.8,365.695,,
641,-511.4,-511.5,3.5,2.9,297.0,0.8,0.00,1.0,366.272,,
642,-517.0,-513.5,-2.1,3.0,297.1,0.8,0.00,1.0,366.849,,
643,-515.1,-514.5,-0.2,2.9,297.0,0.8,0.00,1.0,367.427,,
644,-515.1,-515.7,-0.2,2.9,297.0,0.8,0.00,1.1,368.004,,
645,-518.3,-516.2,-3.4,2.9,296.9,0.8,0.00,1.3,368.565,,
646,-516.2,-516.5,-1.3,2.9,297.1,0.8,0.00,1.4,369.143,,
647,-511.0,-515.1,3.9,2.9,297.1,0.8,0.00,1.1,369.735,,
648,-511.8,-513.0,3.1,2.9,297.1,0.8,0.00,1.2,370.313,,
649,-512.1,-511.6,2.8,2.9,297.0,0.8,0.00,0.6,370.905,,
650,-514.8,-512.9,0.1,2.9,297.0,0.8,0.00,0.8,371.483,,
651,-517.9,-514.9,-3.0,2.9,297.0,0.8,0.00,0.8,372.060,,
652,-513.3,-515.3,1.6,2.9,297.1,0.8,0.00,0.8,372.637,,
653,-516.1,-515.8,-1.2,2.9,297.0,0.8,0.00,0.9,373.214,,
654,-513.5,-514.3,1.4,2.9,297.1,0.8,0.00,1.1,373.791,,
655,-517.1,-515.6,-2.2,2.9,296.9,0.8,0.00,1.1,374.369,,
656,-515.1,-515.2,-0.2,2.9,297.0,0.8,0.00,1.1,374.946,,
657,-518.8,-517.0,-3.9,2.9,297.1,0.8,0.00,1.1,375.523,,
658,-518.1,-517.3,-3.2,2.9,297.0,0.8,0.00,0.2,376.116,,
659,-519.3,-518.7,-4.4,2.9,296.9,0.8,0.00,0.5,376.693,,
660,-517.7,-518.4,-2.8,2.9,296.9,0.8,0.00,0.8,377.270,,
661,-512.4,-516.5,2.5,2.9,296.9,0.8,0.00,0.8,377.847,,
662,-514.4,-514.9,0.5,2.9,297.1,0.8,0.00,0.8,378.425,,
663,-511.7,-512.9,3.2,2.9,297.0,0.8,0.00,1.0,379.002,,
664,-517.5,-514.5,-2.6,2.9,296.9,0.8,0.00,1.3,379.563,,
665,-510.7,-513.3,4.2,2.9,297.1,0.8,0.00,0.9,380.156,,
666,-512.8,-513.7,2.1,2.9,296.7,0.8,0.00,1.0,380.733,,
667,-515.7,-513.1,-0.8,2.9,297.2,0.8,0.00,1.3,381.295,,
668,-513.2,-513.9,1.7,2.9,297.0,0.8,0.00,1.1,381.888,,
669,-511.6,-513.5,3.3,2.9,296.9,0.8,0.00,1.4,382.449,,
670,-516.6,-513.8,-1.7,2.9,297.0,0.8,0.00,1.1,383.042,,
671,-517.5,-515.3,-2.6,2.9,296.9,0.8,0.00,1.2,383.619,,
672,-507.1,-513.8,7.8,2.9,297.0,0.8,0.00,0.5,384.212,,
673,-511.5,-512.0,3.4,3.0,297.1,0.8,0.00,0.8,384.789,,
674,-514.5,-511.0,0.4,3.0,297.0,0.8,0.00,1.0,385.367,,
675,-513.2,-513.1,1.7,3.0,297.2,0.8,0.00,0.9,385.944,,
676,-508.4,-512.1,6.5,3.0,296.8,0.8,0.00,1.0,386.521,,
677,-516.0,-512.6,-1.1,3.0,296.8,0.8,0.00,1.0,387.098,,
678,-509.7,-511.4,5.2,3.0,297.1,0.8,0.00,1.1,387.675,,
679,-516.0,-513.9,-1.1,3.0,296.9,0.8,0.00,1.1,388.253,,
680,-508.3,-511.3,6.6,3.0,296.9,0.8,0.00,1.2,388.830,,
681,-514.0,-512.8,0.9,3.0,296.9,0.8,0.00,1.1,389.407,,
682,-516.7,-513.0,-1.8,3.0,296.8,0.8,0.00,1.2,389.984,,
683,-511.2,-514.0,3.7,3.0,296.9,0.8,0.00,0.5,390.577,,
684,-513.6,-513.8,1.3,3.0,296.8,0.8,0.00,0.9,391.154,,
685,-512.2,-512.3,2.7,3.0,297.1,0.8,0.00,1.3,391.716,,
686,-507.2,-511.0,7.7,3.0,296.9,0.8,0.00,1.3,392.293,,
687,-516.1,-511.9,-1.2,3.0,297.1,0.8,0.00,0.9,392.886,,
688,-516.6,-513.3,-1.7,3.0,297.0,0.8,0.00,1.0,393.463,,
689,-514.0,-515.6,1.0,3.0,296.9,0.8,0.00,1.1,394.040,,
690,-518.0,-516.2,-3.1,3.0,296.8,0.8,0.00,1.0,394.617,,
691,-519.4,-517.1,-4.5,3.0,296.9,0.8,0.00,1.3,395.179,,
692,-513.3,-516.9,1.6,3.0,296.8,0.8,0.00,1.4,395.756,,
693,-515.0,-515.9,-0.1,3.0,296.7,0.8,0.00,1.2,396.349,,
694,-511.2,-513.2,3.7,3.0,296.8,0.8,0.00,0.6,396.942,,
695,-514.9,-513.7,0.0,3.0,296.9,0.8,0.00,0.8,397.519,,
696,-515.6,-513.9,-0.7,3.0,297.0,0.8,0.00,1.3,398.081,,
697,-515.7,-515.4,-0.7,3.0,297.0,0.8,0.00,0.8,398.673,,
698,-516.7,-516.0,-1.8,3.0,296.9,0.8,0.00,1.0,399.251,,
699,-512.6,-515.0,2.3,3.0,297.0,0.8,0.00,1.0,399.828,,
700,-514.9,-514.7,0.1,3.0,297.0,0.8,0.00,1.1,400.405,,
701,-518.4,-515.3,-3.5,3.0,297.0,0.8,0.00,1.1,400.982,,
702,-514.2,-515.8,0.7,3.0,296.9,0.8,0.00,1.1,401.559,,
703,-515.7,-516.1,-0.8,3.0,296.9,0.8,0.00,0.4,402.152,,
704,-507.7,-512.6,7.2,3.0,296.8,0.8,0.00,1.2,402.714,,
705,-512.2,-511.9,2.7,3.0,296.9,0.8,0.00,1.2,403.291,,
706,-508.7,-509.5,6.2,3.0,296.8,0.8,0.00,1.2,403.868,,
707,-516.9,-512.6,-2.0,3.0,296.7,0.8,0.00,1.3,404.445,,
708,-518.9,-514.8,-3.9,3.0,297.0,0.8,0.00,0.8,405.038,,
709,-517.5,-517.8,-2.6,3.0,296.8,0.8,0.00,1.0,405.615,,
710,-513.1,-516.5,1.8,3.0,296.8,0.8,0.00,1.3,406.177,,
711,-518.0,-516.2,-3.1,3.0,297.1,0.8,0.00,1.0,406.770,,
712,-512.6,-514.6,2.4,3.0,296.8,0.8,0.00,1.1,407.347,,
713,-519.0,-516.5,-4.1,3.0,296.8,0.8,0.00,1.1,407.924,,
714,-513.8,-515.1,1.1,3.0,297.0,0.8,0.00,1.2,408.501,,
715,-519.3,-517.4,-4.4,3.0,296.8,0.8,0.00,1.1,409.079,,
716,-516.4,-516.5,-1.5,3.0,297.0,0.8,0.00,1.2,409.656,,
717,-513.9,-516.5,1.0,3.0,296.9,0.8,0.00,1.2,410.233,,
718,-516.6,-515.6,-1.7,3.0,297.0,0.8,0.00,1.2,410.810,,
719,-514.2,-514.9,0.7,3.0,296.7,0.8,0.00,0.8,411.403,,
720,-518.0,-516.3,-3.1,3.0,296.8,0.8,0.00,1.0,411.980,,
721,-513.6,-515.3,1.3,3.0,296.9,0.8,0.00,1.0,412.557,,
722,-517.9,-516.5,-3.0,3.0,296.8,0.8,0.00,1.1,413.135,,
723,-513.1,-514.9,1.9,3.0,296.7,0.8,0.00,1.1,413.712,,
724,-511.9,-514.3,3.1,3.0,296.9,0.8,0.00,1.1,414.289,,
725,-518.1,-514.3,-3.2,3.0,296.6,0.8,0.00,1.2,414.866,,
726,-510.7,-513.6,4.2,3.0,296.8,0.8,0.00,1.2,415.443,,
727,-513.0,-514.0,1.9,3.0,297.0,0.8,0.00,1.2,416.021,,
728,-512.4,-512.1,2.5,3.0,296.9,0.8,0.00,0.6,416.613,,
729,-513.8,-513.1,1.1,3.0,296.8,0.8,0.00,0.9,417.191,,
730,-513.2,-513.1,1.7,3.0,296.9,0.8,0.00,1.2,417.752,,
731,-516.6,-514.5,-1.7,3.0,296.8,0.8,0.00,0.8,418.345,,
732,-514.1,-514.6,0.9,3.0,296.8,0.8,0.00,1.1,418.922,,
733,-514.8,-515.2,0.1,3.0,296.6,0.8,0.00,1.1,419.499,,
734,-520.1,-516.3,-5.2,3.0,296.9,0.8,0.00,1.1,420.077,,
735,-511.8,-515.6,3.1,3.0,296.8,0.8,0.00,1.1,420.654,,
736,-513.7,-515.2,1.2,3.0,296.7,0.8,0.00,1.1,421.231,,
737,-512.8,-512.8,2.1,3.0,297.0,0.8,0.00,1.1,421.808,,
738,-509.0,-511.8,5.9,3.0,296.9,0.9,0.00,1.2,422.385,,
739,-519.3,-513.7,-4.4,3.0,296.6,0.9,0.00,1.3,422.947,,
740,-510.2,-512.8,4.7,3.0,296.8,0.9,0.00,1.3,423.524,,
741,-514.5,-514.7,0.4,3.0,296.9,0.9,0.00,1.3,424.101,,
742,-514.8,-513.2,0.1,3.0,296.8,0.9,0.00,1.3,424.679,,
743,-509.3,-512.9,5.7,3.0,296.9,0.9,0.00,1.3,425.271,,
744,-514.7,-512.9,0.3,3.0,296.8,0.9,0.00,1.0,425.864,,
745,-512.9,-512.3,2.0,3.0,296.7,0.9,0.00,1.0,426.441,,
746,-516.1,-514.6,-1.2,3.0,296.7,0.9,0.00,1.2,427.019,,
747,-519.0,-516.0,-4.1,3.0,296.7,0.9,0.00,1.1,427.596,,
748,-515.2,-516.8,-0.3,3.0,296.9,0.9,0.00,1.1,428.173,,
749,-518.0,-517.4,-3.1,3.0,296.6,0.9,0.00,1.2,428.750,,
750,-512.6,-515.3,2.3,3.0,296.8,0.9,0.00,1.1,429.327,,
751,-517.1,-515.9,-2.2,3.0,296.6,0.9,0.00,0.7,429.920,,
752,-515.4,-515.0,-0.5,3.0,296.7,0.9,0.00,0.9,430.497,,
753,-513.5,-515.3,1.4,3.0,296.9,0.9,0.00,1.0,431.075,,
754,-516.3,-515.1,-1.4,3.0,296.6,0.9,0.00,1.0,431.652,,
755,-512.1,-514.0,2.8,3.0,296.8,0.9,0.00,1.0,432.229,,
756,-517.4,-515.3,-2.5,3.0,296.5,0.9,0.00,1.1,432.806,,
757,-519.8,-516.4,-4.9,3.0,296.6,0.9,0.00,1.2,433.383,,
758,-514.0,-517.1,1.0,3.0,296.6,0.9,0.00,1.1,433.961,,
759,-517.3,-517.0,-2.3,3.0,296.8,0.9,0.00,1.3,434.522,,
760,-519.3,-516.8,-4.4,3.0,296.8,0.9,0.00,1.2,435.115,,
761,-513.5,-516.7,1.4,3.0,296.7,0.9,0.00,1.2,435.692,,
762,-513.0,-515.3,1.9,3.0,296.5,0.9,0.00,1.2,436.269,,
763,-512.2,-512.9,2.7,3.0,296.7,0.9,0.00,1.2,436.847,,
764,-514.4,-513.2,0.5,3.0,296.6,0.9,0.00,1.3,437.424,,
765,-511.4,-512.7,3.5,3.0,296.7,0.9,0.00,1.3,438.001,,
766,-516.6,-514.2,-1.7,3.0,296.7,0.9,0.00,1.3,438.578,,
767,-515.9,-514.6,-0.9,3.0,297.0,0.9,0.00,1.3,439.171,,
768,-519.2,-517.2,-4.3,3.0,296.7,0.9,0.00,1.0,439.748,,
769,-514.0,-516.4,0.9,3.0,296.7,0.9,0.00,1.1,440.325,,
770,-518.8,-517.3,-3.9,3.0,296.6,0.9,0.00,1.1,440.903,,
771,-513.2,-515.3,1.7,3.0,296.7,0.9,0.00,1.2,441.480,,
772,-515.0,-515.7,0.0,3.0,296.6,0.9,0.00,1.2,442.057,,
773,-510.8,-513.0,4.1,3.0,296.6,0.9,0.00,1.2,442.634,,
774,-513.9,-513.2,1.0,3.0,296.6,0.9,0.00,1.2,443.211,,
775,-518.3,-514.3,-3.4,3.0,296.6,0.9,0.00,1.2,443.789,,
776,-515.5,-515.9,-0.6,3.0,296.7,0.9,0.00,1.0,444.381,,
777,-513.6,-515.8,1.3,3.0,296.7,0.9,0.00,1.0,444.959,,
778,-512.3,-513.8,2.6,3.0,296.5,0.9,0.00,1.3,445.520,,
779,-517.5,-514.5,-2.6,3.0,296.6,0.9,0.00,1.2,446.097,,
780,-512.7,-514.2,2.2,3.0,296.6,0.9,0.00,1.3,446.659,,
781,-514.9,-515.0,0.0,3.0,296.5,0.9,0.00,1.4,447.236,,
782,-514.2,-513.9,0.7,3.0,296.6,0.9,0.00,1.4,447.798,,
783,-517.9,-515.7,-3.0,3.0,296.8,0.9,0.00,-0.6,448.375,,
784,-512.5,-514.9,2.4,3.0,296.7,0.9,0.00,-0.2,448.952,,
785,-515.5,-515.3,-0.6,3.0,296.6,0.9,0.00,1.1,449.514,,
786,-516.6,-514.9,-1.7,3.0,296.7,0.9,0.00,1.3,450.075,,
787,-517.4,-516.5,-2.5,3.0,296.5,0.9,0.00,1.1,450.668,,
788,-513.8,-516.0,1.1,3.0,296.5,0.9,0.00,1.2,451.245,,
789,-510.7,-514.0,4.2,3.0,296.6,0.9,0.00,1.1,451.823,,
790,-513.1,-512.5,1.8,3.0,296.8,0.9,0.00,1.1,452.400,,
791,-517.8,-513.9,-2.9,3.0,296.6,0.9,0.00,1.2,452.977,,
792,-512.3,-514.4,2.6,3.0,296.8,0.9,0.00,1.2,453.554,,
793,-513.3,-514.5,1.6,3.0,296.5,0.9,0.00,1.3,454.131,,
794,-513.0,-512.9,1.9,3.0,296.7,0.9,0.00,1.3,454.709,,
795,-516.9,-514.4,-1.9,3.0,296.6,0.9,0.00,1.2,455.286,,
796,-515.0,-515.0,-0.1,3.0,296.7,0.9,0.00,1.4,455.863,,
797,-512.6,-514.8,2.3,3.0,296.5,0.9,0.00,1.3,456.440,,
798,-517.9,-515.2,-3.0,3.0,296.5,0.9,0.00,1.3,457.002,,
799,-517.8,-516.1,-2.9,3.0,296.6,0.9,0.00,1.3,457.579,,
800,-514.5,-516.7,0.5,3.0,296.8,0.9,0.00,1.3,458.156,,
801,-508.9,-513.7,6.0,3.0,296.7,0.9,0.00,1.3,458.749,,
802,-510.0,-511.1,4.9,3.0,296.8,0.9,0.00,1.2,459.342,,
803,-512.4,-510.5,2.5,3.0,296.6,0.9,0.00,1.2,459.919,,
804,-515.0,-512.5,-0.1,3.0,296.6,0.9,0.00,1.3,460.481,,
805,-512.7,-513.4,2.3,3.0,296.5,0.9,0.00,1.4,461.058,,
806,-515.9,-514.5,-1.0,3.0,296.7,0.9,0.00,1.4,461.635,,
807,-512.8,-513.8,2.1,3.0,296.5,0.9,0.00,1.3,462.212,,
808,-519.3,-516.0,-4.4,3.0,296.8,0.9,0.00,1.4,462.789,,
809,-515.2,-515.8,-0.3,3.0,296.6,0.9,0.00,1.4,463.367,,
810,-514.4,-516.3,0.6,3.0,296.5,0.9,0.00,1.4,463.944,,
811,-514.0,-514.5,1.0,3.0,296.6,0.9,0.00,1.4,464.521,,
812,-519.3,-515.9,-4.3,3.0,296.4,0.9,0.00,1.3,465.098,,
813,-515.5,-516.3,-0.6,3.0,296.6,0.9,0.00,-0.5,465.660,,
814,-515.7,-516.8,-0.7,3.0,296.5,0.9,0.00,0.0,466.237,,
815,-514.1,-515.1,0.8,3.0,296.6,0.9,0.00,0.1,466.814,,
816,-516.1,-515.3,-1.1,3.0,296.6,0.9,0.00,0.3,467.391,,
817,-511.5,-513.9,3.4,3.0,296.5,0.9,0.00,0.5,467.969,,
818,-515.5,-514.4,-0.6,3.0,296.5,0.9,0.00,1.3,468.530,,
819,-514.2,-513.7,0.8,3.0,296.5,0.9,0.00,1.2,469.107,,
820,-513.0,-514.2,1.9,3.0,296.7,0.9,0.00,1.2,469.685,,
821,-516.4,-514.5,-1.5,3.0,296.7,0.9,0.00,1.2,470.262,,
822,-516.3,-515.2,-1.4,3.0,296.6,0.9,0.00,1.2,470.839,,
823,-516.4,-516.4,-1.5,3.0,296.5,0.9,0.00,1.2,471.416,,
824,-511.3,-514.7,3.6,3.0,296.5,0.9,0.00,1.3,471.993,,
825,-514.9,-514.2,0.0,3.0,296.5,0.9,0.00,1.3,472.571,,
826,-515.1,-513.8,-0.2,3.0,296.5,0.9,0.00,1.3,473.132,,
827,-511.8,-513.9,3.1,3.0,296.5,0.9,0.00,1.4,473.709,,
828,-510.9,-512.6,4.0,3.0,296.6,0.9,0.00,1.4,474.287,,
829,-511.8,-511.5,3.2,3.0,296.7,0.9,0.00,0.8,474.833,,
830,-508.8,-510.5,6.1,3.0,296.6,0.9,0.00,0.9,475.410,,
831,-516.7,-512.4,-1.8,3.0,296.5,0.9,0.00,1.1,475.987,,
832,-512.2,-512.6,2.8,3.0,296.3,0.9,0.00,1.0,476.564,,
833,-510.3,-513.1,4.6,3.0,296.8,0.9,0.00,1.1,477.141,,
834,-511.8,-511.4,3.1,3.0,296.6,0.9,0.00,1.4,477.703,,
835,-512.7,-511.6,2.2,3.0,296.6,0.9,0.00,1.3,478.265,,
836,-514.9,-513.1,0.0,3.0,296.5,0.9,0.00,0.8,478.811,,
837,-514.4,-514.0,0.6,3.0,296.5,0.9,0.00,1.3,479.372,,
838,-515.8,-515.0,-0.9,3.0,296.4,0.9,0.00,1.3,479.949,,
839,-510.1,-513.4,4.8,3.0,296.4,0.9,0.00,1.3,480.511,,
840,-514.6,-513.5,0.3,3.0,296.6,0.9,0.00,1.4,481.088,,
841,-513.3,-512.7,1.6,3.0,296.4,0.9,0.00,1.4,481.665,,
842,-513.8,-513.9,1.2,3.0,296.4,0.9,0.00,1.3,482.243,,
843,-518.0,-515.0,-3.1,3.0,296.5,0.9,0.00,1.3,482.820,,
844,-517.6,-516.4,-2.6,3.0,296.5,0.9,0.00,1.3,483.413,,
845,-513.8,-516.5,1.2,3.0,296.6,0.9,0.00,1.3,483.974,,
846,-515.2,-515.5,-0.3,3.0,296.6,0.9,0.00,1.3,484.567,,
847,-517.8,-515.6,-2.9,3.0,296.6,0.9,0.00,1.3,485.144,,
848,-511.7,-514.9,3.3,3.0,296.4,0.9,0.00,1.4,485.721,,
849,-514.4,-514.6,0.5,3.0,296.3,0.9,0.00,1.3,486.314,,
850,-516.5,-514.2,-1.6,3.0,296.6,0.9,0.00,1.3,486.891,,
851,-515.2,-515.4,-0.3,3.0,296.5,0.9,0.00,1.3,487.469,,
852,-512.8,-514.9,2.1,3.0,296.5,0.9,0.00,1.3,488.030,,
853,-515.7,-514.6,-0.8,3.0,296.3,0.9,0.00,1.3,488.607,,
854,-517.4,-515.3,-2.5,3.0,296.6,0.9,0.00,1.4,489.185,,
855,-516.8,-516.6,-1.9,3.0,296.4,0.9,0.00,1.3,489.762,,
856,-511.8,-515.3,3.1,3.0,296.4,0.9,0.00,1.3,490.339,,
857,-515.3,-514.6,-0.4,3.0,296.4,0.9,0.00,1.3,490.916,,
858,-515.4,-514.2,-0.5,3.0,296.4,0.9,0.00,1.3,491.509,,
859,-521.8,-517.5,-6.9,3.0,296.2,0.9,0.00,1.3,492.102,,
860,-514.2,-517.2,0.7,3.0,296.4,0.9,0.00,1.3,492.679,,
861,-511.0,-515.7,3.9,3.0,296.4,0.9,0.00,1.2,493.256,,
862,-518.7,-514.6,-3.7,3.0,296.4,0.9,0.00,1.2,493.833,,
863,-513.9,-514.5,1.0,3.0,296.5,0.9,0.00,1.3,494.395,,
864,-515.4,-516.0,-0.5,3.0,296.5,0.9,0.00,1.3,494.972,,
865,-514.6,-514.6,0.3,3.0,296.4,0.9,0.00,1.4,495.549,,
866,-511.3,-513.7,3.7,3.0,296.4,0.9,0.00,1.3,496.127,,
867,-511.1,-512.3,3.8,3.0,296.6,1.0,0.00,1.4,496.735,,
868,-512.4,-511.6,2.5,3.0,296.4,1.0,0.00,1.2,497.312,,
869,-514.3,-512.6,0.6,3.0,296.4,1.0,0.00,1.4,497.874,,
870,-512.4,-513.0,2.5,3.0,296.5,1.0,0.00,1.4,498.451,,
871,-514.3,-513.7,0.6,3.0,296.4,1.0,0.00,1.3,499.028,,
872,-511.7,-512.8,3.2,3.0,296.5,1.0,0.00,1.3,499.621,,
873,-515.9,-514.0,-1.0,3.0,296.5,1.0,0.00,1.3,500.198,,
874,-516.5,-514.7,-1.6,3.0,296.5,1.0,0.00,1.3,500.775,,
875,-510.4,-514.3,4.5,3.0,296.4,1.0,0.00,1.3,501.337,,
876,-514.3,-513.7,0.6,3.0,296.4,1.0,0.00,1.3,501.914,,
877,-513.9,-512.9,1.0,3.0,296.5,1.0,0.00,1.3,502.491,,
878,-506.9,-511.7,8.0,3.0,296.4,1.0,0.00,1.3,503.069,,
879,-515.4,-512.1,-0.5,3.0,296.4,1.0,0.00,1.3,503.661,,
880,-517.0,-513.1,-2.1,3.0,296.2,1.0,0.00,1.2,504.254,,
881,-514.1,-515.5,0.8,3.0,296.4,1.0,0.00,1.3,504.831,,
882,-514.7,-515.3,0.2,3.0,296.5,1.0,0.00,1.2,505.409,,
883,-514.3,-514.4,0.6,3.0,296.3,1.0,0.00,1.4,505.986,,
884,-514.8,-514.6,0.1,3.0,296.3,1.0,0.00,1.3,506.563,,
885,-512.3,-513.8,2.6,3.0,296.4,1.0,0.00,1.3,507.140,,
886,-513.7,-513.6,1.2,3.0,296.2,1.0,0.00,1.3,507.717,,
887,-512.0,-512.7,2.9,3.0,296.4,1.0,0.00,1.3,508.279,,
888,-512.6,-512.8,2.3,3.0,296.3,1.0,0.00,1.4,508.856,,
889,-514.0,-512.9,0.9,3.0,296.1,1.0,0.00,-0.6,509.402,,
890,-509.3,-512.0,5.6,3.0,296.3,1.0,0.00,1.0,509.979,,
891,-515.1,-512.8,-0.2,3.0,296.2,1.0,0.00,1.3,510.525,,
892,-519.4,-514.6,-4.5,3.0,296.3,1.0,0.00,1.4,511.103,,
893,-516.6,-517.0,-1.7,3.0,296.4,1.0,0.00,1.3,511.680,,
894,-512.9,-516.3,2.0,3.0,296.3,1.0,0.00,1.4,512.257,,
895,-517.7,-515.8,-2.7,3.0,296.2,1.0,0.00,1.3,512.834,,
896,-514.7,-515.1,0.2,3.0,296.3,1.0,0.00,1.3,513.411,,
897,-515.2,-515.9,-0.3,3.0,296.3,1.0,0.00,1.4,514.004,,
898,-516.4,-515.4,-1.4,3.0,296.3,1.0,0.00,1.3,514.581,,
899,-515.5,-515.7,-0.6,3.0,296.3,1.0,0.00,1.2,515.174,,
900,-519.5,-517.1,-4.6,3.0,296.2,1.0,0.00,1.2,515.751,,
901,-512.8,-515.9,2.1,3.0,296.0,1.0,0.00,1.2,516.329,,
902,-516.7,-516.3,-1.8,3.0,296.2,1.0,0.00,1.2,516.906,,
903,-511.3,-513.6,3.6,3.0,296.4,1.0,0.00,1.3,517.483,,
904,-512.8,-513.6,2.2,3.0,296.4,1.0,0.00,1.3,518.045,,
905,-515.4,-513.1,-0.4,3.0,296.2,1.0,0.00,1.4,518.622,,
906,-518.7,-515.6,-3.8,3.0,296.4,1.0,0.00,1.3,519.199,,
907,-511.8,-515.3,3.1,3.0,296.2,1.0,0.00,1.3,519.776,,
908,-516.0,-515.5,-1.1,3.0,296.3,1.0,0.00,1.3,520.369,,
909,-512.9,-513.6,2.1,3.0,296.2,1.0,0.00,1.3,520.946,,
910,-518.3,-515.7,-3.4,3.0,296.2,1.0,0.00,1.3,521.523,,
911,-512.8,-514.7,2.1,3.0,296.4,1.0,0.00,1.2,522.116,,
912,-516.8,-516.0,-1.9,3.0,296.1,1.0,0.00,1.3,522.693,,
913,-511.1,-513.6,3.8,3.0,296.4,1.0,0.00,1.3,523.271,,
914,-507.9,-512.0,7.0,3.0,296.4,1.0,0.00,1.3,523.848,,
915,-519.4,-512.8,-4.5,3.0,296.4,1.0,0.00,1.3,524.409,,
916,-512.2,-513.2,2.7,3.0,296.3,1.0,0.00,1.3,524.987,,
917,-511.6,-514.4,3.3,3.0,296.3,1.0,0.00,1.3,525.548,,
918,-516.5,-513.4,-1.6,3.0,296.2,1.0,0.00,1.4,526.141,,
919,-517.0,-515.0,-2.1,3.0,296.3,1.0,0.00,1.4,526.734,,
920,-513.2,-515.6,1.7,3.0,296.2,1.0,0.00,1.3,527.311,,
921,-510.1,-513.5,4.8,3.0,296.4,1.0,0.00,1.3,527.888,,
922,-514.3,-512.6,0.6,3.0,296.2,1.0,0.00,1.3,528.465,,
923,-519.3,-514.6,-4.4,3.0,296.2,1.0,0.00,1.3,529.058,,
924,-514.5,-516.0,0.4,3.0,296.6,1.0,0.00,1.3,529.620,,
925,-515.4,-516.4,-0.4,3.0,296.2,1.0,0.00,1.3,530.213,,
926,-512.2,-514.0,2.7,3.0,296.4,1.0,0.00,1.4,530.774,,
927,-518.2,-515.2,-3.3,3.0,296.2,1.0,0.00,1.4,531.351,,
928,-513.0,-514.5,1.9,3.0,296.1,1.0,0.00,1.3,531.929,,
929,-513.3,-514.8,1.6,3.0,296.2,1.0,0.00,1.4,532.506,,
930,-517.4,-514.6,-2.5,3.0,296.3,1.0,0.00,-0.7,533.067,,
931,-518.1,-516.3,-3.2,3.0,296.4,1.0,0.00,-0.4,533.645,,
932,-513.6,-516.3,1.4,3.0,295.9,1.0,0.00,0.1,534.222,,
933,-513.3,-515.0,1.6,3.0,296.2,1.0,0.00,0.2,534.799,,
934,-510.9,-512.6,4.0,3.0,296.1,1.0,0.00,1.2,535.361,,
935,-513.6,-512.6,1.3,3.0,296.2,1.0,0.00,1.2,535.938,,
936,-516.4,-513.6,-1.5,3.0,296.2,1.0,0.00,1.2,536.515,,
937,-516.7,-515.6,-1.8,3.0,296.2,1.0,0.00,1.2,537.092,,
938,-513.9,-515.7,1.0,3.0,296.2,1.0,0.00,1.1,537.669,,
939,-513.5,-514.7,1.4,3.0,296.1,1.0,0.00,1.3,538.231,,
940,-518.2,-515.2,-3.3,3.0,296.1,1.0,0.00,1.3,538.824,,
941,-512.7,-514.8,2.2,3.0,296.1,1.0,0.00,1.2,539.401,,
942,-508.9,-513.3,6.0,3.0,296.2,1.0,0.00,1.3,539.978,,
943,-511.2,-511.0,3.7,3.0,296.2,1.0,0.00,1.2,540.555,,
944,-515.5,-511.9,-0.6,3.0,296.0,1.0,0.00,1.3,541.117,,
945,-513.9,-513.6,1.0,3.0,296.2,1.0,0.00,1.3,541.694,,
946,-511.9,-513.8,3.0,3.0,296.3,1.0,0.00,1.3,542.271,,
947,-514.7,-513.5,0.2,3.0,296.2,1.0,0.00,1.4,542.833,,
948,-515.8,-514.1,-0.9,3.0,296.1,1.0,0.00,1.4,543.426,,
949,-517.4,-516.0,-2.5,3.0,296.2,1.0,0.00,1.3,544.019,,
950,-515.1,-516.1,-0.2,3.0,296.2,1.0,0.00,1.4,544.596,,
951,-517.3,-516.6,-2.4,3.0,296.0,1.0,0.00,1.3,545.189,,
952,-513.3,-515.2,1.7,3.0,296.3,1.0,0.00,1.3,545.766,,
953,-518.6,-516.4,-3.7,3.0,296.3,1.0,0.00,1.3,546.327,,
954,-512.5,-514.8,2.4,3.0,296.2,1.0,0.00,1.3,546.920,,
955,-511.5,-514.2,3.4,3.0,296.2,1.0,0.00,1.3,547.482,,
956,-512.2,-512.1,2.7,3.0,296.1,1.0,0.00,1.4,548.059,,
957,-515.1,-513.0,-0.2,3.0,296.1,1.0,0.00,1.4,548.621,,
958,-513.3,-513.5,1.7,3.0,296.3,1.0,0.00,1.4,549.213,,
959,-512.8,-513.8,2.1,3.0,296.0,1.0,0.00,1.3,549.806,,
960,-514.2,-513.4,0.8,3.0,296.0,1.0,0.00,1.3,550.383,,
961,-516.2,-514.4,-1.3,3.0,296.2,1.0,0.00,1.3,550.961,,
962,-514.7,-515.0,0.2,3.0,296.0,1.0,0.00,1.3,551.553,,
963,-516.2,-515.7,-1.3,3.0,296.2,1.0,0.00,1.2,552.131,,
964,-515.1,-515.3,-0.2,3.0,296.1,1.0,0.00,1.3,552.708,,
965,-521.9,-517.7,-7.0,3.0,296.0,1.0,0.00,1.2,553.285,,
966,-516.5,-517.8,-1.6,3.0,296.2,1.0,0.00,1.3,553.862,,
967,-514.6,-517.7,0.4,3.0,296.1,1.0,0.00,1.3,554.424,,
968,-522.2,-517.8,-7.3,3.0,296.0,1.0,0.00,1.4,555.001,,
969,-513.1,-516.6,1.8,3.0,296.1,1.0,0.00,1.3,555.578,,
970,-515.4,-516.9,-0.5,3.0,296.1,1.0,0.00,1.4,556.155,,
971,-517.2,-515.2,-2.3,3.0,296.2,1.0,0.00,-0.4,556.717,,
972,-514.1,-515.6,0.8,3.0,295.9,1.0,0.00,-0.1,557.294,,
973,-516.9,-516.1,-2.0,3.0,296.1,1.0,0.00,0.1,557.871,,
974,-515.0,-515.3,-0.1,3.0,295.9,1.0,0.00,1.1,558.433,,
975,-518.4,-516.8,-3.4,3.0,296.1,1.0,0.00,1.1,559.010,,
976,-515.7,-516.3,-0.7,3.0,295.9,1.0,0.00,1.2,559.587,,
977,-517.9,-517.3,-2.9,3.0,296.1,1.0,0.00,1.2,560.165,,
978,-516.5,-516.7,-1.6,3.0,296.2,1.0,0.00,1.1,560.742,,
979,-513.5,-516.0,1.4,3.0,296.2,1.0,0.00,1.2,561.319,,
980,-514.6,-514.9,0.3,3.0,296.1,1.0,0.00,1.4,561.881,,
981,-515.3,-514.5,-0.4,3.0,295.8,1.0,0.00,1.2,562.473,,
982,-515.3,-515.0,-0.3,2.9,296.0,1.0,0.00,1.2,563.051,,
983,-517.3,-516.0,-2.4,2.9,296.1,1.0,0.00,1.3,563.628,,
984,-517.9,-516.8,-3.0,2.9,296.0,1.0,0.00,1.4,564.189,,
985,-512.8,-516.0,2.1,2.9,296.1,1.0,0.00,1.4,564.767,,
986,-511.0,-513.9,3.9,2.9,296.1,1.0,0.00,1.4,565.344,,
987,-514.7,-512.8,0.2,2.9,296.2,1.0,0.00,1.3,565.921,,
988,-513.9,-513.2,1.0,2.9,296.0,1.0,0.00,-0.7,566.483,,
989,-516.3,-514.9,-1.3,2.9,296.0,1.0,0.00,-0.4,567.044,,
990,-513.3,-514.5,1.6,2.9,295.9,1.0,0.00,1.0,567.621,,
991,-516.4,-515.3,-1.5,2.9,296.2,1.0,0.00,1.1,568.199,,
992,-516.1,-515.3,-1.2,2.9,295.9,1.0,0.00,1.1,568.776,,
993,-515.9,-516.2,-1.0,2.9,296.0,1.0,0.00,1.1,569.353,,
994,-512.3,-514.8,2.6,2.9,296.2,1.0,0.00,1.1,569.930,,
995,-514.3,-514.2,0.6,2.9,296.1,1.0,0.00,1.3,570.492,,
996,-516.2,-514.3,-1.3,2.9,296.0,1.0,0.00,1.4,571.053,,
997,-515.9,-515.5,-1.0,2.9,295.8,1.0,0.00,-0.2,571.615,,
998,-509.8,-514.0,5.1,2.9,295.9,1.0,0.00,-0.1,572.192,,
999,-510.4,-512.0,4.5,2.9,296.1,1.1,0.00,0.1,572.769,,
1000,-512.1,-510.8,2.8,2.9,296.0,1.1,0.00,0.4,573.347,,
1001,-515.6,-512.7,-0.7,2.9,296.0,1.1,0.00,0.6,573.924,,
1002,-517.4,-515.0,-2.5,2.9,295.9,1.1,0.00,0.5,574.501,,
1003,-516.4,-516.5,-1.5,2.9,295.9,1.1,0.00,0.7,575.078,,
1004,-515.6,-516.5,-0.7,2.9,296.1,1.1,0.00,0.9,575.655,,
1005,-516.8,-516.3,-1.8,2.9,295.9,1.1,0.00,0.8,576.233,,
1006,-513.0,-515.1,2.0,2.9,296.0,1.1,0.00,1.0,576.810,,
1007,-516.0,-515.3,-1.1,2.9,295.8,1.1,0.00,1.1,577.387,,
1008,-516.1,-515.0,-1.2,2.9,296.1,1.1,0.00,1.0,577.964,,
1009,-511.5,-514.6,3.4,2.9,296.2,1.1,0.00,1.3,578.526,,
1010,-510.6,-512.8,4.3,2.9,296.1,1.1,0.00,1.3,579.087,,
1011,-516.2,-512.8,-1.3,2.9,296.0,1.1,0.00,1.3,579.665,,
1012,-512.1,-513.0,2.8,2.9,296.0,1.1,0.00,1.4,580.242,,
1013,-515.4,-514.6,-0.5,2.9,295.9,1.1,0.00,1.4,580.819,,
1014,-511.8,-513.1,3.1,2.9,295.9,1.1,0.00,1.4,581.412,,
1015,-515.3,-514.2,-0.4,2.9,295.9,1.1,0.00,1.3,581.989,,
1016,-512.3,-513.1,2.6,2.9,295.9,1.1,0.00,1.3,582.582,,
1017,-519.3,-515.7,-4.4,2.9,296.0,1.1,0.00,1.2,583.159,,
1018,-515.2,-515.6,-0.2,2.9,295.8,1.1,0.00,1.3,583.736,,
1019,-516.4,-517.0,-1.5,2.9,295.9,1.1,0.00,1.3,584.313,,
1020,-508.8,-513.4,6.1,2.9,295.9,1.1,0.00,1.3,584.891,,
1021,-518.8,-514.7,-3.9,2.9,295.9,1.1,0.00,1.3,585.452,,
1022,-512.1,-513.2,2.8,2.9,295.9,1.1,0.00,1.4,586.029,,
1023,-518.0,-516.3,-3.1,2.9,295.6,1.1,0.00,1.4,586.607,,
1024,-511.3,-513.8,3.6,2.9,296.0,1.1,0.00,1.4,587.199,,
1025,-514.3,-514.5,0.6,2.9,296.0,1.1,0.00,1.3,587.761,,
1026,-514.5,-513.4,0.4,2.9,295.8,1.1,0.00,1.4,588.354,,
1027,-513.2,-514.0,1.7,2.9,295.8,1.1,0.00,1.3,588.931,,
1028,-518.8,-515.5,-3.9,2.9,295.9,1.1,0.00,1.3,589.508,,
1029,-512.5,-514.9,2.4,2.9,296.1,1.1,0.00,1.2,590.101,,
1030,-518.6,-516.7,-3.7,2.9,296.1,1.1,0.00,1.2,590.678,,
1031,-513.8,-515.0,1.1,2.9,295.8,1.1,0.00,1.3,591.255,,
1032,-520.3,-517.6,-5.3,2.9,295.9,1.1,0.00,1.4,591.817,,
1033,-512.2,-515.4,2.7,2.9,296.0,1.1,0.00,1.3,592.394,,
1034,-514.6,-515.7,0.3,2.9,296.1,1.1,0.00,1.3,592.971,,
1035,-512.9,-513.2,2.0,2.9,295.9,1.1,0.00,1.4,593.549,,
1036,-518.0,-515.2,-3.1,2.9,295.9,1.1,0.00,-0.6,594.095,,
1037,-514.0,-515.0,0.9,2.9,296.0,1.1,0.00,1.1,594.672,,
1038,-511.5,-514.5,3.5,2.9,296.0,1.1,0.00,1.1,595.249,,
1039,-512.7,-512.7,2.2,2.9,296.0,1.1,0.00,1.1,595.826,,
1040,-514.5,-512.9,0.4,2.9,296.0,1.1,0.00,1.1,596.403,,
1041,-512.7,-513.3,2.2,2.9,295.8,1.1,0.00,1.1,596.981,,
1042,-512.7,-513.3,2.2,2.9,295.7,1.1,0.00,1.1,597.558,,
1043,-511.6,-512.4,3.3,2.9,295.9,1.1,0.00,1.2,598.135,,
1044,-513.8,-512.7,1.1,2.9,295.9,1.1,0.00,1.4,598.712,,
1045,-512.1,-512.5,2.8,2.9,295.7,1.1,0.00,1.3,599.274,,
1046,-513.5,-513.1,1.4,2.9,295.8,1.1,0.00,1.3,599.867,,
1047,-516.6,-514.1,-1.7,2.9,295.8,1.1,0.00,1.2,600.444,,
1048,-516.2,-515.4,-1.3,2.9,295.9,1.1,0.00,1.3,601.021,,
1049,-513.4,-515.4,1.5,2.9,295.6,1.1,0.00,1.3,601.583,,
1050,-518.8,-516.1,-3.9,2.9,295.9,1.1,0.00,1.3,602.175,,
1051,-509.7,-513.9,5.2,2.9,295.9,1.1,0.00,1.3,602.737,,
1052,-507.5,-512.0,7.4,2.9,295.7,1.1,0.00,1.4,603.314,,
1053,-513.9,-510.4,1.1,2.9,295.8,1.1,0.00,1.4,603.891,,
1054,-511.3,-510.9,3.6,2.9,295.8,1.1,0.00,1.4,604.469,,
1055,-520.3,-515.1,-5.4,2.9,295.8,1.1,0.00,1.3,605.061,,
1056,-516.1,-515.9,-1.2,2.9,295.9,1.1,0.00,1.4,605.639,,
1057,-516.9,-517.8,-2.0,2.9,296.1,1.1,0.00,1.3,606.231,,
1058,-515.3,-516.1,-0.4,2.9,295.7,1.1,0.00,1.3,606.809,,
1059,-512.8,-515.0,2.1,2.9,295.9,1.1,0.00,1.3,607.386,,
1060,-514.6,-514.2,0.3,2.9,295.9,1.1,0.00,1.3,607.963,,
1061,-511.1,-512.8,3.9,2.9,295.9,1.1,0.00,1.4,608.525,,
1062,-517.1,-514.3,-2.2,2.9,295.8,1.1,0.00,1.3,609.102,,
1063,-515.8,-514.7,-0.9,2.9,295.7,1.1,0.00,1.4,609.679,,
1064,-515.8,-516.2,-0.9,2.9,296.0,1.1,0.00,1.3,610.256,,
1065,-513.0,-514.9,1.9,2.9,295.8,1.1,0.00,1.3,610.849,,
1066,-516.0,-514.9,-1.1,2.9,295.7,1.1,0.00,1.3,611.426,,
1067,-512.5,-513.8,2.4,2.9,295.8,1.1,0.00,1.3,611.988,,
1068,-514.5,-514.3,0.4,2.9,295.7,1.1,0.00,1.3,612.581,,
1069,-516.3,-514.4,-1.4,2.9,296.0,1.1,0.00,1.4,613.158,,
1070,-516.5,-515.8,-1.6,2.9,295.9,1.1,0.00,1.3,613.751,,
1071,-510.0,-514.3,4.9,2.9,295.7,1.1,0.00,1.3,614.328,,
1072,-514.6,-513.7,0.3,2.9,295.8,1.1,0.00,1.3,614.905,,
1073,-518.4,-514.4,-3.5,2.9,295.8,1.1,0.00,1.3,615.467,,
1074,-516.7,-516.6,-1.8,2.9,295.8,1.1,0.00,1.4,616.044,,
1075,-513.5,-516.2,1.4,2.9,295.8,1.1,0.00,1.3,616.621,,
1076,-513.2,-514.5,1.7,2.9,295.7,1.1,0.00,1.3,617.214,,
1077,-515.5,-514.1,-0.6,2.9,295.7,1.1,0.00,1.3,617.791,,
1078,-517.4,-515.4,-2.5,2.9,295.6,1.1,0.00,1.4,618.368,,
1079,-514.8,-515.9,0.2,2.9,295.7,1.1,0.00,1.3,618.961,,
1080,-521.7,-517.9,-6.7,2.9,295.6,1.1,0.00,1.2,619.538,,
1081,-515.6,-517.3,-0.6,2.9,295.7,1.1,0.00,1.2,620.115,,
1082,-515.0,-517.4,-0.1,2.9,295.6,1.1,0.00,1.3,620.693,,
1083,-513.7,-514.7,1.2,2.9,295.7,1.1,0.00,1.3,621.254,,
1084,-514.9,-514.5,0.0,2.9,295.6,1.1,0.00,1.3,621.831,,
1085,-514.5,-514.4,0.4,2.9,295.8,1.1,0.00,1.4,622.409,,
1086,-513.7,-514.4,1.2,2.9,295.7,1.1,0.00,1.4,622.986,,
1087,-514.0,-514.1,1.0,2.9,295.6,1.1,0.00,1.3,623.563,,
1088,-514.4,-514.0,0.5,2.9,295.6,1.1,0.00,1.4,624.140,,
1089,-512.5,-513.6,2.4,2.9,295.8,1.1,0.00,1.3,624.733,,
1090,-509.5,-512.1,5.5,2.9,295.8,1.1,0.00,1.3,625.310,,
1091,-509.8,-510.6,5.1,2.9,295.7,1.1,0.00,1.3,625.903,,
1092,-517.6,-512.3,-2.6,2.9,295.9,1.1,0.00,1.2,626.480,,
1093,-514.2,-513.9,0.7,2.9,295.5,1.1,0.00,1.3,627.042,,
1094,-515.6,-515.8,-0.7,2.9,295.5,1.1,0.00,1.3,627.619,,
1095,-515.1,-515.0,-0.2,2.9,295.5,1.1,0.00,1.3,628.196,,
1096,-514.6,-515.1,0.3,2.9,295.9,1.1,0.00,1.4,628.773,,
1097,-514.7,-514.8,0.2,2.9,295.9,1.1,0.00,1.3,629.351,,
1098,-508.8,-512.7,6.1,2.9,295.7,1.1,0.00,1.3,629.928,,
1099,-512.2,-511.9,2.7,2.9,295.5,1.1,0.00,1.3,630.521,,
1100,-513.4,-511.5,1.5,2.9,295.7,1.1,0.00,1.3,631.098,,
1101,-514.0,-513.2,0.9,2.9,295.8,1.1,0.00,1.2,631.691,,
1102,-511.7,-513.0,3.2,2.9,295.7,1.1,0.00,1.2,632.268,,
1103,-514.5,-513.4,0.4,2.9,295.7,1.1,0.00,1.3,632.845,,
1104,-513.4,-513.2,1.5,2.9,295.6,1.1,0.00,1.3,633.422,,
1105,-515.6,-514.5,-0.7,2.9,295.8,1.1,0.00,1.3,633.999,,
1106,-517.9,-515.6,-3.0,2.9,295.7,1.1,0.00,1.3,634.577,,
1107,-517.5,-517.0,-2.6,2.9,295.4,1.1,0.00,1.4,635.138,,
1108,-511.3,-515.6,3.6,2.9,295.6,1.1,0.00,1.4,635.715,,
1109,-512.8,-513.9,2.2,2.9,295.5,1.1,0.00,1.4,636.293,,
1110,-517.3,-513.8,-2.4,2.9,295.5,1.1,0.00,1.3,636.870,,
1111,-515.2,-515.1,-0.2,2.9,295.8,1.1,0.00,1.3,637.463,,
1112,-515.3,-515.9,-0.4,2.9,295.5,1.1,0.00,1.3,638.055,,
1113,-516.3,-515.6,-1.4,2.9,295.7,1.1,0.00,1.3,638.633,,
1114,-516.8,-516.2,-1.9,2.9,295.7,1.1,0.00,1.4,639.194,,
1115,-510.2,-514.4,4.8,2.9,295.7,1.1,0.00,1.3,639.787,,
1116,-517.7,-514.9,-2.8,2.9,295.5,1.1,0.00,1.3,640.364,,
1117,-514.7,-514.2,0.2,2.9,295.6,1.1,0.00,1.3,640.941,,
1118,-517.2,-516.6,-2.3,2.9,295.6,1.1,0.00,1.3,641.503,,
1119,-515.4,-515.8,-0.4,2.9,295.6,1.1,0.00,1.4,642.080,,
1120,-516.5,-516.4,-1.6,2.9,295.7,1.1,0.00,1.3,642.657,,
1121,-517.6,-516.5,-2.7,2.9,295.5,1.1,0.00,1.3,643.235,,
1122,-517.5,-517.2,-2.6,2.9,295.7,1.1,0.00,-0.4,643.796,,
1123,-515.9,-517.0,-0.9,2.9,295.5,1.1,0.00,-0.1,644.373,,
1124,-513.4,-515.6,1.6,2.9,295.6,1.2,0.00,1.1,644.935,,
1125,-511.5,-513.6,3.4,2.9,295.5,1.2,0.00,1.1,645.512,,
1126,-513.2,-512.7,1.7,2.9,295.5,1.2,0.00,1.3,646.074,,
1127,-516.4,-513.7,-1.5,2.9,295.6,1.2,0.00,1.3,646.635,,
1128,-516.4,-515.3,-1.5,2.9,295.6,1.2,0.00,1.3,647.213,,
1129,-517.5,-516.8,-2.6,2.9,295.6,1.2,0.00,1.3,647.805,,
1130,-515.3,-516.4,-0.4,2.9,295.5,1.2,0.00,1.4,648.383,,
1131,-515.0,-516.0,-0.1,2.9,295.5,1.2,0.00,1.4,648.960,,
1132,-513.7,-514.7,1.2,2.9,295.5,1.2,0.00,1.2,649.553,,
1133,-512.4,-513.7,2.5,2.9,295.5,1.2,0.00,1.3,650.130,,
1134,-513.4,-513.2,1.5,2.9,295.4,1.2,0.00,1.3,650.707,,
1135,-516.8,-514.2,-1.9,2.9,295.4,1.2,0.00,1.3,651.269,,
1136,-514.6,-515.0,0.3,2.9,295.5,1.2,0.00,1.4,651.846,,
1137,-516.1,-515.8,-1.1,2.9,295.5,1.2,0.00,1.3,652.423,,
1138,-514.4,-515.0,0.5,2.9,295.6,1.2,0.00,1.3,653.000,,
1139,-514.7,-515.1,0.2,2.9,295.6,1.2,0.00,1.3,653.577,,
1140,-513.9,-514.3,1.0,2.9,295.6,1.2,0.00,1.3,654.170,,
1141,-516.5,-515.0,-1.6,2.9,295.6,1.2,0.00,1.3,654.747,,
1142,-519.2,-516.5,-4.3,2.9,295.7,1.2,0.00,1.3,655.325,,
1143,-517.1,-517.6,-2.2,2.9,295.7,1.2,0.00,1.3,655.917,,
1144,-512.3,-516.2,2.6,2.9,295.5,1.2,0.00,0.9,656.510,,
1145,-509.7,-513.0,5.3,2.9,295.8,1.2,0.00,1.4,657.072,,
1146,-516.2,-512.7,-1.3,2.9,295.5,1.2,0.00,1.0,657.665,,
1147,-512.7,-512.8,2.3,2.9,295.7,1.2,0.00,1.0,658.242,,
1148,-514.3,-514.4,0.6,2.9,295.7,1.2,0.00,1.1,658.819,,
1149,-520.2,-515.7,-5.2,2.9,295.6,1.2,0.00,1.3,659.381,,
1150,-517.1,-517.2,-2.2,2.9,295.5,1.2,0.00,1.3,659.942,,
1151,-515.9,-517.7,-0.9,2.9,295.5,1.2,0.00,1.3,660.535,,
1152,-514.6,-515.8,0.4,2.9,295.5,1.2,0.00,1.3,661.112,,
1153,-515.1,-515.2,-0.2,2.9,295.7,1.2,0.00,1.4,661.689,,
1154,-513.6,-514.4,1.3,2.9,295.4,1.2,0.00,1.3,662.282,,
1155,-515.4,-514.7,-0.4,2.9,295.6,1.2,0.00,0.9,662.875,,
1156,-513.0,-514.0,1.9,2.9,295.7,1.2,0.00,1.1,663.452,,
1157,-518.0,-515.5,-3.1,2.9,295.6,1.2,0.00,1.1,664.029,,
1158,-514.6,-515.2,0.3,2.9,295.3,1.2,0.00,1.2,664.607,,
1159,-509.8,-514.1,5.1,2.9,295.4,1.2,0.00,1.1,665.184,,
1160,-514.4,-512.9,0.5,2.9,295.6,1.2,0.00,0.4,665.777,,
1161,-515.3,-513.2,-0.4,2.9,295.2,1.2,0.00,0.7,666.354,,
1162,-513.0,-514.2,1.9,2.9,295.7,1.2,0.00,1.2,666.915,,
1163,-519.2,-515.8,-4.2,2.9,295.4,1.2,0.00,0.6,667.508,,
1164,-514.0,-515.4,0.9,2.9,295.4,1.2,0.00,0.9,668.085,,
1165,-512.6,-515.2,2.3,2.9,295.6,1.2,0.00,0.9,668.663,,
1166,-519.1,-515.2,-4.1,2.9,295.2,1.2,0.00,1.0,669.240,,
1167,-514.1,-515.2,0.8,2.9,295.5,1.2,0.00,-0.2,669.833,,
1168,-512.4,-515.2,2.5,2.9,295.6,1.2,0.00,0.0,670.410,,
1169,-523.0,-516.5,-8.0,2.9,295.3,1.2,0.00,1.2,670.971,,
1170,-512.8,-516.0,2.2,2.9,295.5,1.2,0.00,1.3,671.533,,
1171,-518.9,-518.2,-4.0,2.9,295.5,1.2,0.00,1.2,672.126,,
1172,-514.9,-515.5,0.0,2.9,295.5,1.2,0.00,0.5,672.719,,
1173,-512.7,-515.5,2.2,2.9,295.7,1.2,0.00,0.7,673.296,,
1174,-515.7,-514.5,-0.8,2.9,295.6,1.2,0.00,0.7,673.873,,
1175,-517.9,-515.5,-3.0,2.9,295.4,1.2,0.00,0.9,674.450,,
1176,-510.3,-514.6,4.7,2.9,295.5,1.2,0.00,1.4,675.059,,
1177,-515.4,-514.5,-0.5,2.9,295.3,1.2,0.00,1.3,675.636,,
1178,-515.3,-513.7,-0.4,2.9,295.4,1.2,0.00,1.4,676.229,,
1179,-520.0,-516.9,-5.1,2.9,295.5,1.2,0.00,1.2,676.821,,
1180,-512.7,-516.0,2.2,2.9,295.5,1.2,0.00,1.2,677.399,,
1181,-514.0,-515.6,0.9,2.9,295.5,1.2,0.00,0.8,677.991,,
1182,-519.1,-515.2,-4.1,2.9,295.3,1.2,0.00,1.3,678.553,,
1183,-517.5,-516.9,-2.6,2.9,295.4,1.2,0.00,1.0,679.146,,
1184,-513.5,-516.7,1.4,2.9,295.4,1.2,0.00,1.1,679.723,,
1185,-517.9,-516.3,-3.0,2.9,295.4,1.2,0.00,0.1,680.316,,
1186,-510.0,-513.8,4.9,2.9,295.3,1.2,0.00,1.2,680.877,,
1187,-511.6,-513.2,3.3,2.9,295.4,1.2,0.00,0.6,681.470,,
1188,-512.1,-511.2,2.8,2.9,295.4,1.2,0.00,0.7,682.047,,
1189,-512.7,-512.1,2.2,2.9,295.4,1.2,0.00,0.8,682.625,,
1190,-515.3,-513.4,-0.4,2.9,295.5,1.2,0.00,0.9,683.202,,
1191,-513.4,-513.8,1.6,2.9,295.5,1.2,0.00,0.9,683.779,,
1192,-512.8,-513.8,2.1,2.9,295.5,1.2,0.00,1.0,684.356,,
1193,-511.4,-512.5,3.5,2.9,295.4,1.2,0.00,-0.4,684.933,,
1194,-514.0,-512.7,0.9,2.9,295.5,1.2,0.00,1.1,685.511,,
1195,-513.4,-512.9,1.5,2.9,295.4,1.2,0.00,1.1,686.088,,
1196,-514.8,-514.1,0.1,2.9,295.5,1.2,0.00,1.1,686.665,,
1197,-513.5,-513.9,1.4,2.9,295.2,1.2,0.00,1.2,687.242,,
1198,-518.4,-515.6,-3.4,2.9,295.4,1.2,0.00,0.7,687.835,,
1199,-519.0,-516.9,-4.1,2.9,295.5,1.2,0.00,0.5,688.412,,
1200,-516.0,-517.8,-1.1,2.9,295.3,1.2,0.00,0.8,688.989,,
1201,-512.3,-515.8,2.6,2.9,295.3,1.2,0.00,1.4,689.582,,
1202,-517.8,-515.4,-2.9,2.9,295.4,1.2,0.00,1.4,690.159,,
1203,-512.1,-514.1,2.8,2.9,295.4,1.2,0.00,0.1,690.752,,
1204,-513.7,-514.6,1.2,2.9,295.4,1.2,0.00,1.4,691.345,,
1205,-521.5,-515.8,-6.6,2.9,295.2,1.2,0.00,1.2,691.938,,
1206,-513.9,-516.4,1.0,2.9,295.3,1.2,0.00,1.2,692.515,,
1207,-514.6,-516.7,0.3,2.9,295.3,1.2,0.00,0.8,693.108,,
1208,-512.0,-513.5,2.9,2.9,295.5,1.2,0.00,1.0,693.685,,
1209,-514.7,-513.8,0.2,2.9,295.3,1.2,0.00,-0.1,694.278,,
1210,-516.0,-514.3,-1.1,2.9,295.4,1.2,0.00,0.2,694.855,,
1211,-510.3,-513.7,4.6,2.9,295.4,1.2,0.00,0.1,695.432,,
1212,-511.8,-512.7,3.1,2.9,295.5,1.2,0.00,0.4,696.009,,
1213,-519.5,-513.9,-4.6,2.9,295.2,1.2,0.00,0.5,696.587,,
1214,-518.2,-516.5,-3.2,2.9,295.4,1.2,0.00,0.6,697.164,,
1215,-516.9,-518.2,-2.0,2.9,295.2,1.2,0.00,0.7,697.741,,
1216,-515.3,-516.8,-0.4,2.9,295.4,1.2,0.00,0.8,698.318,,
1217,-515.8,-516.0,-0.9,2.9,295.2,1.2,0.00,0.8,698.895,,
1218,-516.9,-516.0,-2.0,2.9,295.3,1.2,0.00,1.0,699.473,,
1219,-513.3,-515.3,1.6,2.9,295.4,1.2,0.00,1.0,700.050,,
1220,-514.5,-514.9,0.4,2.9,295.4,1.2,0.00,1.0,700.627,,
1221,-511.6,-513.1,3.3,2.9,295.4,1.2,0.00,1.1,701.204,,
1222,-515.3,-513.8,-0.4,2.9,295.5,1.2,0.00,1.1,701.781,,
1223,-513.5,-513.5,1.5,2.9,295.3,1.2,0.00,1.2,702.359,,
1224,-513.8,-514.2,1.1,2.9,295.2,1.2,0.00,0.6,702.951,,
1225,-518.0,-515.1,-3.0,2.9,295.3,1.2,0.00,1.3,703.513,,
1226,-517.2,-516.3,-2.3,2.9,295.6,1.2,0.00,0.8,704.106,,
1227,-515.7,-517.0,-0.8,2.9,295.4,1.2,0.00,1.4,704.714,,
1228,-515.2,-516.0,-0.3,2.9,295.3,1.2,0.00,1.4,705.291,,
1229,-517.7,-516.2,-2.8,2.9,295.2,1.2,0.00,1.4,705.869,,
1230,-514.2,-515.7,0.7,2.9,295.3,1.2,0.00,1.3,706.446,,
1231,-517.7,-516.6,-2.8,2.9,295.2,1.2,0.00,1.3,707.039,,
1232,-515.3,-515.7,-0.3,2.9,295.4,1.2,0.00,1.3,707.631,,
1233,-516.8,-516.6,-1.9,2.9,295.3,1.2,0.00,1.2,708.209,,
1234,-515.9,-516.0,-1.0,2.9,295.3,1.2,0.00,0.9,708.801,,
1235,-516.7,-516.5,-1.8,2.9,295.2,1.2,0.00,1.0,709.379,,
1236,-516.7,-516.4,-1.8,2.9,295.3,1.2,0.00,0.2,709.971,,
1237,-509.9,-514.4,5.0,2.9,295.2,1.2,0.00,1.3,710.580,,
1238,-515.1,-513.9,-0.2,2.9,295.1,1.2,0.00,1.3,711.173,,
1239,-515.7,-513.6,-0.8,2.9,295.1,1.2,0.00,1.3,711.750,,
1240,-514.3,-515.0,0.6,2.9,295.5,1.2,0.00,1.0,712.343,,
1241,-514.2,-514.7,0.7,2.9,295.6,1.2,0.00,1.1,712.920,,
1242,-511.7,-513.4,3.2,2.9,295.2,1.2,0.00,0.4,713.513,,
1243,-511.7,-512.6,3.2,2.9,295.2,1.2,0.00,1.4,714.105,,
1244,-516.8,-513.4,-1.8,2.9,295.3,1.2,0.00,1.3,714.714,,
1245,-512.8,-513.8,2.1,2.9,295.3,1.2,0.00,1.1,715.307,,
1246,-513.9,-514.5,1.0,2.9,295.2,1.2,0.00,0.3,715.899,,
1247,-512.2,-513.0,2.7,2.9,295.1,1.2,0.00,0.7,716.477,,
1248,-517.0,-514.4,-2.0,2.9,295.3,1.2,0.00,0.8,717.054,,
1249,-510.6,-513.2,4.4,2.9,295.3,1.2,0.00,1.3,717.662,,
1250,-514.4,-514.0,0.5,2.9,295.3,1.3,0.00,1.3,718.239,,
1251,-516.8,-513.9,-1.9,2.9,295.0,1.3,0.00,1.3,718.817,,
1252,-518.7,-516.6,-3.8,2.9,295.4,1.3,0.00,1.3,719.394,,
1253,-512.2,-515.9,2.7,2.9,294.9,1.3,0.00,1.3,719.971,,
1254,-511.2,-514.0,3.7,2.9,295.2,1.3,0.00,1.4,720.564,,
1255,-509.7,-511.0,5.2,2.9,295.3,1.3,0.00,1.2,721.157,,
1256,-513.6,-511.5,1.3,2.9,295.1,1.3,0.00,1.3,721.734,,
1257,-513.6,-512.3,1.3,2.9,295.2,1.3,0.00,1.0,722.327,,
1258,-512.4,-513.2,2.5,2.9,295.1,1.3,0.00,1.1,722.904,,
1259,-514.2,-513.4,0.7,2.9,295.1,1.3,0.00,0.0,723.497,,
1260,-512.9,-513.1,2.1,2.9,295.3,1.3,0.00,1.4,724.105,,
1261,-516.4,-514.5,-1.5,2.9,295.2,1.3,0.00,1.3,724.698,,
1262,-515.6,-515.0,-0.7,2.9,295.2,1.3,0.00,1.0,725.291,,
1263,-511.8,-514.6,3.1,2.9,295.3,1.3,0.00,1.1,725.868,,
1264,-517.9,-515.1,-3.0,2.9,295.2,1.3,0.00,0.1,726.461,,
1265,-516.6,-515.4,-1.7,2.9,295.4,1.3,0.00,0.4,727.038,,
1266,-516.5,-517.0,-1.6,2.9,295.3,1.3,0.00,1.4,727.646,,
1267,-514.2,-515.8,0.7,2.9,295.3,1.3,0.00,1.4,728.223,,
1268,-513.5,-514.7,1.4,2.9,295.1,1.3,0.00,1.4,728.801,,
1269,-516.4,-514.7,-1.5,2.9,295.0,1.3,0.00,1.4,729.378,,
1270,-513.4,-514.4,1.5,2.9,295.1,1.3,0.00,1.4,729.955,,
1271,-510.4,-513.4,4.6,2.9,295.3,1.3,0.00,1.4,730.532,,
1272,-511.4,-511.7,3.5,2.9,295.1,1.3,0.00,1.4,731.109,,
1273,-512.4,-511.4,2.5,2.9,295.1,1.3,0.00,1.2,731.718,,
1274,-514.3,-512.7,0.6,2.9,295.1,1.3,0.00,0.8,732.311,,
1275,-516.7,-514.5,-1.8,2.9,295.0,1.3,0.00,-0.7,732.888,,
1276,-513.6,-514.9,1.3,2.9,295.2,1.3,0.00,-0.6,733.481,,
1277,-512.7,-514.3,2.2,2.9,295.1,1.3,0.00,1.4,734.089,,
1278,-512.9,-513.0,2.0,2.9,295.1,1.3,0.00,1.4,734.666,,
1279,-520.4,-515.3,-5.5,2.9,295.0,1.3,0.00,1.3,735.259,,
1280,-518.8,-517.4,-3.9,2.9,295.2,1.3,0.00,1.0,735.852,,
1281,-515.3,-518.2,-0.4,2.9,295.1,1.3,0.00,1.3,736.413,,
1282,-511.1,-515.1,3.8,2.9,295.1,1.3,0.00,1.1,737.006,,
1283,-516.4,-514.3,-1.5,2.9,295.2,1.3,0.00,0.0,737.599,,
1284,-518.1,-515.2,-3.2,2.9,295.1,1.3,0.00,1.3,738.207,,
1285,-518.6,-517.7,-3.7,2.9,295.0,1.3,0.00,1.3,738.800,,
1286,-510.9,-515.9,4.0,2.9,295.1,1.3,0.00,1.0,739.393,,
1287,-518.1,-515.9,-3.2,2.9,295.1,1.3,0.00,0.1,739.986,,
1288,-513.8,-514.3,1.2,2.9,295.1,1.3,0.00,1.4,740.594,,
1289,-510.8,-514.2,4.1,2.9,295.1,1.3,0.00,1.3,741.187,,
1290,-514.2,-512.9,0.7,2.9,295.1,1.3,0.00,1.1,741.780,,
1291,-515.5,-513.5,-0.6,2.9,295.1,1.3,0.00,0.3,742.373,,
1292,-513.1,-514.3,1.9,2.9,295.2,1.3,0.00,1.3,742.981,,
1293,-519.5,-516.0,-4.6,2.9,295.2,1.3,0.00,1.3,743.574,,
1294,-512.4,-515.0,2.5,2.9,294.9,1.3,0.00,1.0,744.167,,
1295,-511.1,-514.3,3.8,2.9,295.1,1.3,0.00,-0.1,744.759,,
1296,-515.7,-513.1,-0.8,2.9,295.0,1.3,0.00,1.3,745.368,,
1297,-514.3,-513.7,0.6,2.9,295.3,1.3,0.00,1.2,745.961,,
1298,-516.1,-515.4,-1.2,2.9,294.9,1.3,0.00,1.0,746.553,,
1299,-509.7,-513.4,5.2,2.9,295.2,1.3,0.00,1.1,747.131,,
1300,-512.1,-512.7,2.8,2.9,295.1,1.3,0.00,0.2,747.723,,
1301,-509.8,-510.6,5.1,2.9,295.1,1.3,0.00,1.3,748.332,,
1302,-516.1,-512.7,-1.2,2.9,295.0,1.3,0.00,1.2,748.925,,
1303,-515.7,-513.9,-0.8,2.9,295.0,1.3,0.00,1.1,749.517,,
1304,-513.3,-515.1,1.6,2.9,295.1,1.3,0.00,0.1,750.126,,
1305,-514.1,-514.4,0.8,2.9,294.9,1.3,0.00,1.3,750.719,,
1306,-518.2,-515.2,-3.3,2.9,295.1,1.3,0.00,1.3,751.311,,
1307,-517.9,-516.7,-2.9,2.9,295.1,1.3,0.00,1.1,751.904,,
1308,-513.6,-516.6,1.3,2.9,295.1,1.3,0.00,0.2,752.497,,
1309,-515.4,-515.6,-0.5,2.9,294.9,1.3,0.00,1.4,753.090,,
1310,-515.9,-515.0,-1.0,2.9,294.9,1.3,0.00,1.3,753.698,,
1311,-512.5,-514.6,2.4,2.9,294.9,1.3,0.00,1.1,754.291,,
1312,-517.4,-515.3,-2.5,2.9,294.9,1.3,0.00,0.2,754.884,,
1313,-517.5,-515.8,-2.6,2.9,295.0,1.3,0.00,1.4,755.492,,
1314,-515.5,-516.8,-0.6,2.9,294.8,1.3,0.00,1.4,756.085,,
1315,-517.4,-516.8,-2.5,2.9,295.1,1.3,0.00,1.1,756.678,,
1316,-516.2,-516.4,-1.3,2.9,294.9,1.3,0.00,0.2,757.271,,
1317,-516.9,-516.8,-2.0,2.9,295.1,1.3,0.00,1.3,757.879,,
1318,-515.4,-516.2,-0.5,2.9,294.7,1.3,0.00,1.3,758.472,,
1319,-515.8,-516.0,-0.9,2.9,294.8,1.3,0.00,1.1,759.065,,
1320,-518.2,-516.5,-3.2,2.9,294.8,1.3,0.00,0.1,759.657,,
1321,-514.1,-516.0,0.8,2.9,294.9,1.3,0.00,0.1,760.235,,
1322,-517.6,-516.6,-2.6,2.9,294.8,1.3,0.00,1.3,760.843,,
1323,-514.9,-515.5,0.0,2.9,295.0,1.3,0.00,1.3,761.436,,
1324,-511.2,-514.6,3.7,2.9,294.9,1.3,0.00,1.1,762.029,,
1325,-513.6,-513.3,1.3,2.9,295.0,1.3,0.00,0.5,762.621,,
1326,-515.3,-513.4,-0.4,2.9,295.1,1.3,0.00,1.4,763.230,,
1327,-514.1,-514.3,0.9,2.9,294.8,1.3,0.00,1.3,763.823,,
1328,-515.2,-514.8,-0.2,2.9,294.7,1.3,0.00,1.0,764.415,,
1329,-511.4,-513.5,3.5,2.9,295.1,1.3,0.00,0.3,765.008,,
1330,-518.2,-514.9,-3.2,2.9,294.9,1.3,0.00,1.4,765.617,,
1331,-519.9,-516.5,-5.0,2.9,294.7,1.3,0.00,1.3,766.209,,
1332,-513.5,-517.2,1.4,2.9,294.9,1.3,0.00,1.1,766.802,,
1333,-513.1,-515.5,1.8,2.9,294.9,1.3,0.00,1.2,767.379,,
1334,-512.7,-513.1,2.2,2.9,295.0,1.3,0.00,0.6,767.972,,
1335,-518.0,-514.6,-3.1,2.9,295.0,1.3,0.00,1.4,768.565,,
1336,-514.6,-515.1,0.3,2.9,294.7,1.3,0.00,1.3,769.158,,
1337,-518.4,-517.0,-3.5,2.9,294.9,1.3,0.00,1.4,769.735,,
1338,-513.9,-515.6,1.0,2.9,294.8,1.3,0.00,1.4,770.312,,
1339,-516.6,-516.3,-1.7,2.9,294.8,1.3,0.00,1.3,770.889,,
1340,-510.0,-513.5,4.9,2.9,294.9,1.3,0.00,1.3,771.482,,
1341,-512.1,-512.9,2.8,2.9,294.8,1.3,0.00,1.2,772.075,,
1342,-513.4,-511.8,1.5,2.9,295.1,1.3,0.00,1.3,772.652,,
1343,-514.4,-513.3,0.5,2.9,294.7,1.3,0.00,0.9,773.245,,
1344,-515.3,-514.4,-0.4,2.9,294.8,1.3,0.00,0.9,773.822,,
1345,-513.0,-514.2,2.0,2.9,294.9,1.3,0.00,-0.4,774.399,,
1346,-513.2,-513.8,1.7,2.9,294.8,1.3,0.00,-0.1,774.992,,
1347,-520.9,-515.7,-6.0,2.9,294.9,1.3,0.00,1.4,775.601,,
1348,-513.2,-515.7,1.7,2.9,295.1,1.3,0.00,1.3,776.193,,
1349,-513.0,-515.7,2.0,2.9,294.9,1.3,0.00,1.0,776.786,,
1350,-509.1,-511.7,5.8,2.9,295.1,1.3,0.00,1.1,777.363,,
1351,-519.6,-513.9,-4.7,2.9,295.0,1.3,0.00,0.3,777.956,,
1352,-514.1,-514.3,0.9,2.9,294.9,1.3,0.00,1.4,778.565,,
1353,-513.9,-515.9,1.0,2.9,294.8,1.3,0.00,1.3,779.157,,
1354,-515.4,-514.4,-0.4,2.9,294.7,1.3,0.00,1.0,779.750,,
1355,-518.6,-516.0,-3.7,2.9,294.8,1.3,0.00,1.1,780.327,,
1356,-513.7,-515.9,1.2,2.9,295.1,1.3,0.00,1.2,780.905,,
1357,-511.1,-514.5,3.8,2.9,294.8,1.3,0.00,0.4,781.497,,
1358,-512.4,-512.4,2.5,2.9,294.7,1.3,0.00,0.5,782.075,,
1359,-511.6,-511.7,3.3,2.9,294.8,1.3,0.00,1.4,782.683,,
1360,-512.4,-512.1,2.5,2.9,294.8,1.3,0.00,1.4,783.260,,
1361,-511.6,-511.9,3.3,2.9,294.8,1.3,0.00,1.4,783.837,,
1362,-516.3,-513.5,-1.4,2.9,294.9,1.3,0.00,1.4,784.415,,
1363,-513.0,-513.6,1.9,2.9,294.8,1.3,0.00,1.3,784.992,,
1364,-512.2,-513.8,2.7,2.9,294.7,1.3,0.00,1.4,785.585,,
1365,-514.6,-513.3,0.3,2.9,294.9,1.3,0.00,1.2,786.177,,
1366,-512.2,-513.0,2.8,2.9,295.0,1.3,0.00,0.9,786.770,,
1367,-511.0,-512.6,3.9,2.9,294.7,1.4,0.00,1.4,787.379,,
1368,-515.2,-512.8,-0.3,2.9,294.8,1.4,0.00,1.3,787.956,,
1369,-513.1,-513.1,1.8,2.9,294.7,1.4,0.00,1.3,788.549,,
1370,-512.3,-513.6,2.6,2.9,294.8,1.4,0.00,1.3,789.141,,
1371,-508.0,-511.2,6.9,2.9,295.0,1.4,0.00,1.3,789.719,,
1372,-509.0,-509.8,6.0,2.9,294.7,1.4,0.00,0.9,790.311,,
1373,-512.5,-509.8,2.5,2.9,294.8,1.4,0.00,1.0,790.889,,
1374,-513.0,-511.5,1.9,2.9,294.9,1.4,0.00,0.2,791.481,,
1375,-515.4,-513.6,-0.5,2.9,294.6,1.4,0.00,1.3,792.074,,
1376,-519.0,-515.8,-4.0,2.9,294.8,1.4,0.00,1.3,792.683,,
1377,-513.3,-515.9,1.6,2.9,294.9,1.4,0.00,1.0,793.275,,
1378,-515.5,-515.9,-0.6,2.9,294.8,1.4,0.00,0.0,793.868,,
1379,-513.4,-514.1,1.5,2.9,294.7,1.4,0.00,0.1,794.445,,
1380,-516.9,-515.2,-1.9,2.9,294.9,1.4,0.00,1.4,795.054,,
1381,-514.1,-514.8,0.8,2.9,294.9,1.4,0.00,1.3,795.647,,
1382,-512.8,-514.6,2.1,2.9,294.9,1.4,0.00,1.3,796.224,,
1383,-516.1,-514.4,-1.2,2.9,294.9,1.4,0.00,1.1,796.817,,
1384,-515.4,-514.8,-0.5,2.9,294.9,1.4,0.00,0.1,797.409,,
1385,-512.6,-514.7,2.3,2.9,294.8,1.4,0.00,1.3,798.018,,
1386,-513.4,-513.8,1.5,2.9,294.7,1.4,0.00,1.3,798.611,,
1387,-514.4,-513.5,0.5,2.9,294.6,1.4,0.00,1.1,799.203,,
1388,-513.1,-513.6,1.8,2.9,294.7,1.4,0.00,0.3,799.796,,
1389,-510.3,-512.6,4.6,2.9,294.5,1.4,0.00,1.4,800.389,,
1390,-514.2,-512.6,0.7,2.9,294.8,1.4,0.00,1.4,800.982,,
1391,-512.2,-512.2,2.7,2.9,294.7,1.4,0.00,1.3,801.575,,
1392,-510.3,-512.2,4.6,2.9,294.8,1.4,0.00,1.1,802.167,,
1393,-517.9,-513.4,-3.0,2.9,294.8,1.4,0.00,0.4,802.760,,
1394,-508.4,-512.2,6.5,2.9,294.6,1.4,0.00,0.7,803.337,,
1395,-516.6,-514.3,-1.7,2.9,294.8,1.4,0.00,1.4,803.946,,
1396,-513.8,-513.0,1.1,2.9,294.6,1.4,0.00,1.3,804.523,,
1397,-516.3,-515.6,-1.4,2.9,294.7,1.4,0.00,1.3,805.100,,
1398,-514.9,-515.0,0.0,2.9,294.7,1.4,0.00,1.3,805.677,,
1399,-513.5,-514.9,1.4,2.9,294.6,1.4,0.00,1.3,806.255,,
1400,-516.5,-515.0,-1.5,2.9,294.4,1.4,0.00,1.3,806.847,,
1401,-518.9,-516.3,-4.0,2.9,294.7,1.4,0.00,1.3,807.440,,
1402,-519.0,-518.1,-4.1,2.9,294.4,1.4,0.00,0.9,808.033,,
1403,-513.8,-517.2,1.1,2.9,294.6,1.4,0.00,1.3,808.626,,
1404,-510.4,-514.4,4.5,2.9,294.5,1.4,0.00,1.4,809.234,,
1405,-513.9,-512.7,1.0,2.9,294.7,1.4,0.00,1.2,809.827,,
1406,-517.0,-513.8,-2.1,2.9,294.7,1.4,0.00,0.9,810.420,,
1407,-513.1,-514.7,1.8,2.9,294.7,1.4,0.00,-0.6,810.997,,
1408,-516.5,-515.6,-1.6,2.9,294.5,1.4,0.00,-0.4,811.590,,
1409,-517.7,-515.8,-2.7,2.9,294.5,1.4,0.00,0.0,812.167,,
1410,-518.4,-517.5,-3.5,2.9,294.5,1.4,0.00,0.1,812.744,,
1411,-513.8,-516.6,1.1,2.9,294.6,1.4,0.00,1.3,813.353,,
1412,-512.9,-515.0,2.0,2.9,294.8,1.4,0.00,0.9,813.961,,
1413,-514.6,-513.8,0.3,2.9,294.6,1.4,0.00,-0.2,814.554,,
1414,-514.0,-513.9,0.9,2.9,294.5,1.4,0.00,1.4,815.162,,
1415,-510.5,-513.0,4.4,2.9,294.4,1.4,0.00,1.3,815.755,,
1416,-512.7,-512.4,2.2,2.9,294.8,1.4,0.00,1.0,816.348,,
1417,-512.0,-511.7,2.9,2.9,294.6,1.4,0.00,0.2,816.941,,
1418,-515.7,-513.5,-0.8,2.9,294.4,1.4,0.00,0.1,817.518,,
1419,-511.2,-513.0,3.7,2.9,294.5,1.4,0.00,1.3,818.126,,
1420,-508.6,-511.8,6.3,2.9,294.6,1.4,0.00,1.3,818.719,,
1421,-516.8,-512.2,-1.9,2.9,294.7,1.4,0.00,1.3,819.296,,
1422,-518.2,-514.5,-3.3,2.9,294.6,1.4,0.00,1.1,819.889,,
1423,-513.2,-516.1,1.7,2.9,294.6,1.4,0.00,0.2,820.482,,
1424,-514.4,-515.3,0.5,2.9,294.5,1.4,0.00,1.4,821.090,,
1425,-516.9,-514.9,-2.0,2.9,294.4,1.4,0.00,1.3,821.683,,
1426,-513.1,-514.8,1.8,2.9,294.7,1.4,0.00,1.1,822.276,,
1427,-513.4,-514.5,1.5,2.9,294.7,1.4,0.00,1.1,822.853,,
1428,-510.1,-512.2,4.8,2.9,294.7,1.4,0.00,0.4,823.446,,
1429,-511.0,-511.5,3.9,2.9,294.6,1.4,0.00,1.4,824.054,,
1430,-513.2,-511.4,1.7,2.9,294.7,1.4,0.00,1.3,824.647,,
1431,-514.4,-512.9,0.5,2.9,294.7,1.4,0.00,1.1,825.240,,
1432,-516.7,-514.8,-1.8,2.9,294.6,1.4,0.00,0.3,825.833,,
1433,-512.0,-514.4,2.9,2.9,294.6,1.4,0.00,1.4,826.425,,
1434,-511.8,-513.5,3.1,2.9,294.7,1.4,0.00,1.3,827.034,,
1435,-514.7,-512.8,0.2,2.9,294.5,1.4,0.00,1.0,827.627,,
1436,-513.1,-513.2,1.8,2.9,294.4,1.4,0.00,1.2,828.204,,
1437,-512.8,-513.6,2.1,2.9,294.6,1.4,0.00,0.5,828.797,,
1438,-512.3,-512.8,2.6,2.9,294.6,1.4,0.00,0.7,829.374,,
1439,-513.4,-512.9,1.5,2.9,294.5,1.4,0.00,1.4,829.982,,
1440,-512.1,-512.6,2.9,2.9,294.7,1.4,0.00,1.4,830.559,,
1441,-518.8,-514.7,-3.8,2.9,294.7,1.4,0.00,1.3,831.137,,
1442,-514.0,-514.9,0.9,2.9,294.4,1.4,0.00,1.3,831.714,,
1443,-518.9,-517.2,-4.0,2.9,294.5,1.4,0.00,1.4,832.307,,
1444,-509.0,-514.0,5.9,2.9,294.5,1.4,0.00,0.7,832.915,,
1445,-511.4,-513.1,3.5,2.9,294.6,1.4,0.00,1.4,833.523,,
1446,-514.8,-511.7,0.1,2.9,294.3,1.4,0.00,1.2,834.132,,
1447,-516.9,-514.4,-2.0,2.9,294.5,1.4,0.00,0.7,834.725,,
1448,-514.7,-515.5,0.2,2.9,294.5,1.4,0.00,1.4,835.333,,
1449,-516.3,-516.0,-1.4,2.9,294.5,1.4,0.00,1.1,835.941,,
1450,-516.4,-515.8,-1.5,2.9,294.6,1.4,0.00,0.6,836.534,,
1451,-517.3,-516.7,-2.3,2.9,294.4,1.4,0.00,1.4,837.143,,
1452,-509.6,-514.4,5.3,2.9,294.7,1.4,0.00,1.4,837.735,,
1453,-514.3,-513.7,0.6,2.9,294.5,1.4,0.00,1.2,838.328,,
1454,-517.4,-513.8,-2.5,2.9,294.6,1.4,0.00,1.2,838.905,,
1455,-511.4,-514.4,3.5,2.9,294.7,1.4,0.00,1.2,839.483,,
1456,-514.4,-514.4,0.5,2.9,294.6,1.4,0.00,0.8,840.075,,
1457,-520.5,-515.4,-5.6,2.9,294.3,1.4,0.00,1.4,840.684,,
1458,-512.3,-515.7,2.6,2.9,294.4,1.4,0.00,1.3,841.261,,
1459,-510.5,-514.4,4.4,2.9,294.4,1.4,0.00,1.4,841.854,,
1460,-515.6,-512.8,-0.7,2.9,294.5,1.4,0.00,1.2,842.447,,
1461,-519.7,-515.2,-4.7,2.9,294.5,1.4,0.00,0.9,843.039,,
1462,-515.4,-516.9,-0.4,2.9,294.6,1.4,0.00,1.4,843.632,,
1463,-513.4,-516.1,1.6,2.9,294.6,1.4,0.00,-0.6,844.194,,
1464,-513.3,-514.0,1.6,2.9,294.4,1.4,0.00,1.0,844.771,,
1465,-514.4,-513.7,0.5,2.9,294.7,1.4,0.00,0.0,845.364,,
1466,-517.1,-514.9,-2.2,2.9,294.5,1.4,0.00,1.4,845.972,,
1467,-511.1,-514.2,3.8,2.9,294.5,1.4,0.00,0.8,846.581,,
1468,-512.2,-513.5,2.7,2.9,294.5,1.4,0.00,-0.2,847.173,,
1469,-517.6,-513.6,-2.7,2.9,294.4,1.4,0.00,1.3,847.782,,
1470,-514.4,-514.7,0.5,2.9,294.5,1.4,0.00,1.2,848.375,,
1471,-517.5,-516.5,-2.5,2.9,294.4,1.4,0.00,1.0,848.967,,
1472,-515.6,-515.8,-0.7,2.9,294.5,1.4,0.00,-0.2,849.560,,
1473,-510.8,-514.6,4.1,2.9,294.5,1.4,0.00,1.4,850.169,,
1474,-510.6,-512.4,4.3,2.9,294.5,1.4,0.00,0.8,850.777,,
1475,-509.4,-510.3,5.5,2.9,294.6,1.4,0.00,-0.4,851.354,,
1476,-514.3,-511.5,0.6,2.9,294.4,1.4,0.00,-0.4,851.947,,
1477,-516.9,-513.5,-1.9,2.9,294.5,1.4,0.00,1.4,852.555,,
1478,-518.0,-516.4,-3.1,2.9,294.4,1.4,0.00,0.8,853.164,,
1479,-512.7,-515.9,2.2,2.9,294.3,1.5,0.00,-0.5,853.741,,
1480,-507.2,-512.6,7.8,2.9,294.4,1.5,0.00,1.0,854.318,,
1481,-511.7,-510.5,3.2,2.9,294.5,1.5,0.00,1.1,854.895,,
1482,-511.8,-510.2,3.1,2.9,294.6,1.5,0.00,0.3,855.488,,
1483,-507.1,-510.2,7.8,2.9,294.3,1.5,0.00,1.4,856.097,,
1484,-515.3,-511.4,-0.4,2.9,294.3,1.5,0.00,1.0,856.705,,
1485,-510.8,-511.1,4.1,2.9,294.4,1.5,0.00,0.2,857.298,,
1486,-510.9,-512.3,4.0,2.9,294.4,1.5,0.00,0.2,857.875,,
1487,-518.3,-513.3,-3.4,2.9,294.4,1.5,0.00,1.3,858.483,,
1488,-517.5,-515.6,-2.6,2.9,294.5,1.5,0.00,1.3,859.076,,
1489,-517.0,-517.6,-2.1,2.9,294.4,1.5,0.00,1.1,859.669,,
1490,-518.9,-517.8,-4.0,2.9,294.2,1.5,0.00,1.1,860.246,,
1491,-514.3,-516.8,0.6,2.9,294.2,1.5,0.00,0.1,860.839,,
1492,-515.3,-516.2,-0.3,2.9,294.5,1.5,0.00,0.2,861.416,,
1493,-512.7,-514.1,2.2,2.9,294.3,1.5,0.00,1.4,862.025,,
1494,-516.9,-515.0,-2.0,2.9,294.4,1.5,0.00,1.3,862.602,,
1495,-517.1,-515.6,-2.2,2.9,294.2,1.5,0.00,1.1,863.210,,
1496,-517.2,-517.1,-2.3,2.9,294.5,1.5,0.00,0.5,863.803,,
1497,-517.0,-517.1,-2.1,2.9,294.4,1.5,0.00,1.3,864.411,,
1498,-510.5,-514.9,4.5,2.9,294.6,1.5,0.00,1.4,865.004,,
1499,-515.1,-514.2,-0.2,2.9,294.3,1.5,0.00,1.3,865.581,,
1500,-510.8,-512.1,4.1,2.9,294.4,1.5,0.00,0.3,866.190,,
12/11/2019 10:46:25
Probe Amplitude      = 50
Probe Frequency (Hz) = 78.0
Probe Trigger        = 128
Probe Vb             = 7000
Probe DC             = 0
DAS Points           = 100
DAS Rate (Hz)        = 13500
DAS Signal Average   = 1
DAS Gain             = 1
Meas Points          = 1500
Meas Voltage Steps   = 1
Meas WF Average      = 2
Meas Vb+             = 7000
Meas Vb-             = -7000
Meas Delay           = 0
Gradient Required    = 300
Gradient Bounts      = 10
Gradient Large Step  = 5
Gradient Small Step  = 1
Gradient Track Invert= -1










